2.675978427958181527e+00
5.567676764332674821e+01
2.482121097083430641e+02
1.950034991098556816e+02
1.846172750083469793e+01
3.116476363375163601e+02
5.335811763072057374e+02
6.746755087895711256e+01
1.538797807369023758e+02
2.081883366837795677e+02
5.357713385699674973e+02
8.054891055019686519e+02
9.140954356435664749e+02
1.578608797281711134e+02
1.377465197569768307e+01
2.217909041426345027e+02
-4.635852840261258052e+02
8.197750839753410901e+01
-2.425070036303929157e+02
1.550497180307093856e+02
3.366220060989297167e+02
-2.280550527552924933e+01
-1.587863225503098619e+01
3.980388334375865043e+02
-1.459688819004795164e+02
1.811802138510989550e+02
1.753913205367303760e+02
4.523145241254462121e+02
7.818532459151086869e+02
-1.280386189481446308e+02
4.323979731335383008e+02
3.760620441211236908e+01
2.362038544583805617e+02
-3.225785407264258708e+01
4.009950152881167185e+01
4.392234600154492909e+02
1.342069570797942291e+01
4.104126049635927416e+02
-6.763827500731497366e+01
3.128160983985395660e+02
1.738732805246765452e+02
-2.652068828280216621e+02
-7.946230876774386331e+01
-2.961386019932971863e+02
9.738809047424922483e+01
-5.676789989684145894e+02
-9.890826774968698487e+01
1.979856230702808659e+02
1.432704573013945037e+03
2.554723011365373964e+02
1.300863791646150275e+03
3.576177549059509033e+02
-1.077758277746168574e+02
1.391475257561894750e+03
2.737579476885234158e+02
3.213184341509509636e+02
1.578064416881410637e+01
1.419882971681237791e+02
5.600197223082030860e+02
3.581509852602105752e+02
4.416025760527412558e+02
1.768420980976302417e+02
-1.438114138307243479e+02
-8.805758052299373162e+01
2.614721371703387263e+02
-1.474964032069960922e+02
4.798904328674312865e+02
-2.337542800753018923e+02
-4.671547769722856742e+02
-1.066058856883609707e+01
9.074827628408677072e+00
8.350186513342648595e+02
1.141304577219723114e+03
3.269468808153599184e+02
-4.715554769988044654e+02
9.013871089282216076e+01
4.381561802917762094e+01
-1.726911966190036196e+02
4.282470073504421180e+02
7.253178531463098579e+02
-2.097771820816483626e+02
-1.037083790348917489e+01
9.391688030677565848e+02
3.401635433667025410e+01
4.049449126151426981e+02
1.846770937270775903e+02
1.979297630731273827e+01
8.513843828728175822e+02
6.097597872404280679e+02
5.239646547393706442e+02
6.060218902238425471e+02
7.105104503939237475e+02
3.893401950180818858e+02
-1.967860341890663847e+02
5.977496106186692941e+02
5.520423987787733040e+02
-1.729763545954993731e+02
9.579097660111682444e+02
8.686305064358908794e+02
1.999426945564245841e+02
1.413775110482026207e+02
2.831818398573593640e+02
6.151329169568795123e+02
5.074475808970673825e+02
1.042802154205982674e+02
-1.052098308214589935e+02
-3.426587154588300166e+01
2.571093909862499345e+02
4.675328340763740016e+02
1.660741905875784141e+02
5.589074753909707169e+02
2.481643576240631148e+02
4.931632189489530447e+02
1.507540132391205816e+02
-6.481123616458424408e+01
-3.261642590976422866e+02
-1.574870683911724996e+02
3.256620199649760252e+02
1.808194454389100372e+02
-3.416243936733630449e+02
1.556960750317529403e+02
2.665052767875633890e+02
7.270423529210714264e+01
-1.029831119546033733e+02
3.246754570171796104e+02
-2.657137026453317503e+02
-4.783867906236608860e+02
6.305025702758046009e+02
1.177407156167137828e+03
2.373260748289992534e+02
1.251836055416677596e+02
5.819278740953197939e+02
1.974114720076132699e+02
9.485792215568643542e+02
-5.153354929860245193e+01
3.585010970415568750e+02
3.817286368235897953e+01
6.702277563297333245e+02
-2.011218400472033352e+02
1.262522306439811643e+02
2.803526023730815382e+02
8.084414668555608614e+02
1.104280848578690097e+02
-4.704958309396783278e+01
3.243755726744616652e+01
4.033233394636086473e+02
1.077738855134789901e+03
2.851139663540421907e+02
-7.414493156022898290e+01
3.035948647438589774e+02
-7.581268774564853175e+01
6.391921717108539269e+02
6.084764516899549562e+02
5.863804632426430317e+02
6.951084042775889316e+01
7.044019303766935991e+02
-4.517826718325982682e+01
1.523951885392447991e+02
-1.669678507645125620e+01
2.727791520068469708e+02
-2.611778539232795424e+02
5.515590426650846894e+02
2.249709914920558163e+01
1.754815832534404194e+02
2.013184754754598487e+02
3.639805761292994930e+02
2.371044186286121089e+02
1.633137512079696592e+02
3.371787791258553568e+01
3.603302700534496807e+02
-3.129565516961219629e+01
2.235110765480319515e+02
6.592256365686674826e+02
1.579594079462702609e+02
7.328691837361316175e+02
4.142249089422206794e+02
4.359867540990752559e+02
5.183178282856679289e+02
6.741409293925499924e+02
1.466272567893634289e+02
-2.659356473902821563e+02
4.280965237922188749e+02
3.625211057297590287e+02
9.596361636853411028e+02
1.885087494068755021e+01
2.165930654612639614e+02
2.093648051617282704e+02
4.473548941115450361e+02
-6.827787449640493378e+01
8.782912084188628796e+02
7.238381161497767380e+01
-1.140387980572881190e+02
-2.888567737896419771e+02
3.615398799541895301e+02
1.506549283480200359e+02
5.649354779592608793e+02
2.501463107026023067e+02
7.638510010923048412e+02
-1.390615358775872039e+02
3.547805733276056799e+02
7.561764279423416610e+02
7.934080792535490900e+02
1.906217948359254990e+02
3.276005053134435911e+02
4.551391315510676350e+02
4.415993463049246657e+02
2.444426191868956550e+02
5.348647940800544802e+02
3.970981685986309344e+02
2.947287128988450533e+01
6.693058376689006082e+02
2.138156818847488978e+02
8.770008249631313220e+02
-2.131454316612640127e+02
2.821773226472414535e+02
4.061504542492469341e+02
4.048932696690149413e+01
-2.248245176065903905e+01
3.297495975922919911e+02
3.873831778981536900e+02
7.282301299604971518e+02
4.524178796783741063e+02
3.789514878108654727e+00
3.554291201882840596e+02
-3.313545460186873584e+02
1.072837011129192661e+03
3.292420143669653498e+01
3.624653429143439212e+02
-4.754251013018420622e+02
3.485867600470223806e+02
-3.341834045843992840e+01
-3.451179070081988698e+02
1.679537169009118998e+02
4.395310274343062247e+02
-5.536473250713266907e+02
-6.435762303132395346e+01
-1.133568551302498975e+02
4.188941310970119503e+02
2.739551279469418432e+02
4.162224319498135969e+02
6.976820826783753091e+02
5.019393877745909549e+02
4.330879742656210283e+02
9.047114198412903079e+02
5.824764969731897963e+02
8.526333434055712814e+02
6.721405365602101938e+02
4.871007827499369114e+02
3.033790509330681857e+02
5.227085898062236993e+02
1.450588443157325571e+02
5.136354788974400520e+01
-1.396063184449705545e+02
4.098069444951864853e+02
8.471242520488874561e+02
7.534399241272893732e+01
5.564107378186662345e+02
-2.698513806078568109e+02
3.715442309805383161e+02
4.171948704040779887e+00
3.320741471870217083e+02
3.715887697378961434e+02
1.360360319044021367e+02
1.452844368471309735e+03
-1.537279810136837455e+02
-3.136689230578668912e+02
6.950123676779941206e+02
2.806598476779474822e+02
4.928477229013499823e+02
3.717447693497695695e+02
4.590680914475972259e+02
2.711417720660989517e+02
8.471525832195736712e+02
1.812494667168296587e+02
2.882513077827969283e+01
3.272294440139323228e+02
5.893368348974357787e+02
5.062438656081616273e+02
6.628689406651150193e+02
8.370614645319528790e+02
-6.913032054906689439e+01
5.455278755816933653e+02
2.683961967939866895e+02
4.706339243621550850e+01
-9.639526803639620312e+01
5.024191435238063832e+02
8.786707037230192441e+01
1.469816251296708458e+02
3.311056849693879371e+02
4.265285440933993186e+02
4.853759151517746204e+02
1.327737289618376337e+02
3.421331570682026495e+02
-1.082377679135532617e+03
2.832863440259418439e+02
-2.241808673961400018e+02
3.173375156641207013e+02
-1.811071180874385220e+02
6.761586266398910539e+02
5.463889342996527603e+02
3.930374371612285813e+02
5.645448407400557045e+01
4.034298500062879498e+02
-9.050076117660235298e+01
1.151483006784536940e+02
1.673546531800489277e+02
-5.048080891201588116e+01
4.726407607187728672e+02
4.871238119964665998e+02
1.836790432218895930e+01
4.272941061519733807e+01
4.269348171622465316e+02
-3.322402122893742415e+01
2.967257665468140999e+02
2.094969420056352476e+02
2.275541488727499484e+02
-2.387117049442949224e+02
5.916580549348578870e+02
5.066810953654938317e+02
1.313377226723708873e+03
5.676982070354314374e+02
7.995699843871208259e+02
2.244744737490122475e+02
3.648228598668139000e+01
3.195138955204611761e+02
-8.716592649454619277e+02
3.712810497197964423e+02
5.387829910068412573e+02
4.339203950227190489e+02
3.773940473194277274e+02
2.479618701526423763e+02
-1.166039050250606550e+02
6.930180292492924536e+02
1.751402134462888114e+02
1.270626393187684329e+02
2.603204367302247988e+02
6.161792963319293222e+02
2.683228638630733371e+02
-3.110864587620667976e+02
4.009708772782962001e+02
5.249812675124835550e+02
2.392449810018957521e+02
3.611589045775180580e+02
2.121603097094787245e+02
5.150788331696211344e+02
5.159135984494578508e+01
-2.623133758104518733e+02
2.407843402757366391e+02
1.031437348924236176e+03
7.174020155227115936e+01
1.828709280777657682e+02
2.062061289719405011e+02
-1.190135350782219064e+02
1.003844053117503563e+02
6.181436628110915876e+01
1.428744784056393655e+02
4.163552168127925484e+02
8.218479971688657315e+02
2.780063143673102672e+02
-2.575004382299329109e+01
-4.906954087476869120e+01
-1.846346624588128691e+02
3.673823830407449691e+02
1.275792442968114756e+03
1.167683724732293200e+02
6.176080666028761925e+02
2.379488211400820887e+02
8.197095971798344181e+02
1.293268953135541892e+02
6.057676911616974280e+01
1.786843221017185002e+01
2.333000551400990901e+02
4.670354981694059688e+02
4.932451464100937528e+02
1.467569162726800869e+02
4.721829069239674936e+02
1.925876212257090572e+02
4.616726475021646934e+02
7.073073204639414371e+02
-2.856217278307265701e+02
2.710255280945509639e+02
1.679379871333361791e+02
2.619929888183247613e+02
6.050444530914903680e+02
2.017661879412942767e+02
-1.061881900050738352e+02
3.914696754764050297e+02
-1.071559816776338323e+02
1.227488334720459875e+02
-5.112127840560117420e+01
-1.300275557579231247e+02
4.174717488974235948e+02
5.538058872754553477e+02
8.982687532882431469e+02
2.954093066603909961e+02
2.384904997966354472e+02
1.448403034561878542e+02
7.906612177632745215e+02
4.640451111768525720e+02
-1.771018879975605032e+01
1.008001592615397186e+02
1.300135021530681811e+01
2.648491790656235594e+02
1.993198893476204319e+02
-2.467289548853117509e+01
-1.034347590971353270e+01
-3.017725495183165094e+02
-3.183015127176803105e+01
-8.674276035634198934e+01
6.219860613698724592e+02
3.464943986232968314e+02
1.267147611748579408e+02
-4.260675828135715903e+01
7.558648004566191503e+01
3.170642270944708798e+02
5.975732636140432987e+02
-3.107386772070132679e+02
1.299335652074490710e+01
3.159770375690632136e+02
2.994229526270353290e+02
6.007417170263237267e+02
-1.881702021853365352e+02
4.456130389171462980e+02
3.658101520589447375e+01
2.142711352352076517e+02
-5.078451541069832160e+02
3.440699737990966014e+02
1.015390803100621895e+02
2.013902588250967653e+02
2.365055665484804308e+02
1.396248429468716949e+02
-2.240260946201603076e+02
6.798443604024781735e+02
5.137276129290681865e+02
2.885864523139993594e+02
6.368169611317295420e+01
4.894749882021184817e+02
3.216610557072148708e+02
-1.160787061906952431e+02
5.577104803585943955e+02
2.804769456951361235e+02
2.007007797852311342e+02
-1.439862456413857217e+02
6.558711716722377787e+02
4.566207666076387568e+02
-2.897603235836717204e+02
4.046654175253019048e+02
2.616952092401485288e+02
5.037411489891496075e+01
8.242453131286160328e+01
6.021858608478789847e+02
3.177448997341682002e+02
-8.180752595094155311e+01
3.725003247924644256e+02
5.059783687325594883e+02
1.072609341208721503e+02
-1.425874711936165227e+02
2.952755922763982426e+02
7.224629085757244411e+02
1.719014215166510553e+02
6.219973869342741324e+01
5.783909161369700058e+01
3.254563317528156858e+02
3.159554594838274966e+02
-4.182195590432068570e+02
2.945037576377633854e+02
3.873323403074982139e+02
2.695284221853341364e+02
7.167541712525737694e+02
4.689407448364785296e+02
1.782753249884880731e+01
5.899108482021783857e+02
6.692963587257168001e+02
2.735683954798931836e+02
4.201548438820739761e+02
2.468748795119258830e+02
2.103387752518505067e+02
4.720498192211100559e+02
2.533143778378780553e+01
3.331796983464949449e+02
1.122891759432845674e+03
7.163670238000559038e+02
3.463857921035570939e+02
1.462962994242299430e+02
6.160551577734727289e+02
2.572575345869677790e+02
4.213592669149136896e+02
7.102900288249571759e+01
8.171468814712559947e+01
4.627464068346201884e+02
9.515881092846134379e+02
2.814865629448727304e+02
6.761901944429895366e+02
-3.896722767559742096e+01
7.171067530689200566e+02
-3.019898253894709796e+02
1.752783284965995847e+01
3.611423850889948994e+02
6.835474902195192044e+02
8.721209214736688864e+02
3.566339826755387890e+02
2.720405019265398892e+02
1.823173236892807267e+02
3.725513616895381688e+02
-2.584796909781042586e+02
4.712591648984978292e+02
3.421847708917247814e+02
2.995544569113609441e+02
-3.719787057760883897e+01
2.715001730660083581e+02
4.867137386448168286e+02
1.077488584248314396e+02
2.106858961709163225e+02
7.349989994113127523e+02
5.092544389584035116e+02
9.845366143883944687e+01
7.705555411582879515e+02
2.571614747381275379e+02
9.427187721709594825e+02
5.680634493717245448e+01
1.137770144854535829e+03
-2.772383867531611941e+02
7.279669084980926073e+02
4.495826237702799517e+02
8.430596279195318630e+02
1.788218896292772442e+01
-3.493324182946063843e+02
1.432978669163030361e+02
1.602344797293098964e+02
2.854024342289771425e+02
4.641662919498248812e+02
8.422813416409301226e+02
1.930975118207103378e+02
1.072350247716758076e+03
-1.393349459484424528e+02
8.845013448598322725e+00
-4.314094429097593775e+00
5.865400188471596721e+02
1.135744969883888871e+03
-3.580893531331367967e+02
9.720120453506274316e+01
6.702555802145752750e+01
-1.876814368995326845e+02
1.777427006904636642e+02
3.698811445707921166e+02
8.712886693220623329e+02
5.266921367750214813e+02
2.004899114399142661e+02
4.843636163150549123e+02
-4.088295544502646095e+00
5.787539881614542310e+02
1.936005730427041271e+02
-2.678209389795917446e+02
5.135547060660271654e+02
-2.578096728519746250e+00
2.416688695742511186e+02
5.900997623830188559e+02
2.449971437493546489e+02
6.408680907203630568e+02
-6.425548707084152511e+01
2.888467008930049928e+02
1.615093657340378570e+02
4.376145338129111906e+02
7.802892146302322089e+02
2.380848588247672382e+01
4.976905847284921265e+02
2.179874287921642235e+02
7.415617566998120083e+02
-1.752052701974768638e+02
1.629882153626211050e+02
5.141996013304087683e+02
9.088491063493388538e+02
2.633828494903510773e+02
5.740801963806902677e+02
5.768724003738877855e+02
7.619554262735427983e+02
4.689638639159626337e+02
1.877582793575584219e+02
8.725056235305947894e+02
4.264778818214320495e+02
1.788267584270762711e+00
-2.073376309719087089e+02
5.626720788999589331e+02
1.303336553411676562e+02
8.638738519273296390e+01
1.836529340157285901e+02
5.600846426851188653e+02
8.261461526605533834e+01
4.619652726314893698e+02
4.930871072049051804e+02
2.410320588125015320e+02
1.111163632091952422e+02
6.486285412597726463e+02
4.360991300746916295e+02
4.139203691515924675e+02
-1.609145057462268369e+02
2.188673645948027797e+02
-2.310203475381852911e+01
8.298521989988229279e+02
9.340522792112311663e+02
3.254285480289631778e+02
-3.091494431826696996e+02
2.662553405787321594e+02
1.753057937321124768e+02
1.154314831048821588e+03
4.656863970693620445e+02
-2.799020909344659458e+02
2.709367865637673845e+02
-1.133135688326784134e+02
2.702043549099972211e+02
4.194747070968047638e+02
5.090114224464922899e+00
4.194068169181077792e+02
2.923308177235796279e+02
4.176455689064623584e+02
2.408674968634313984e+02
-1.286631058220901309e+02
5.090012557040337242e+02
4.419560367883433969e+02
4.893691378232957163e+02
3.488558130598755724e+02
-8.043292933257066579e+01
-2.451841690678474492e+02
-2.277001967984600697e+02
6.251596693598487775e+01
3.491537701068147044e+02
1.284039591759091650e+02
1.950559927915289222e+02
5.363694751208961407e+02
3.449670513500548168e+02
1.372117029275781590e+02
2.150626408462333075e+02
9.592011280776634408e+01
5.672917601587821537e+02
2.895415951629377815e+00
-2.092657406165088929e+01
-7.091158345105606031e+01
-3.117854077750585589e+02
2.235914214279862477e+00
7.027877350595495045e+02
6.553737815532454078e+02
-8.647935844335918887e+00
7.307685994765516853e+02
6.107702281175597818e+02
7.404296404076198712e+01
1.698311969359860996e+02
6.978647152961772804e+01
2.915537277378346630e+02
2.168570234742154526e+02
3.164486723332221345e+02
5.046164946448386104e+02
-1.609288703256083011e+02
2.090941381875250613e+02
1.822227938677107772e+02
-3.874562471765544558e+01
-7.366749683649227336e+02
4.386312323300034564e+02
2.646469706152082608e+02
2.176057283140948471e+02
6.001891901815542951e+02
-5.797164849647658968e+01
2.005616269525218058e+02
9.178518688914402901e+02
3.995582393615951560e+02
1.273476003484229011e+02
-1.577000054032199330e+02
5.006236694689448541e+00
4.617959995838875216e+02
-2.919337455378099548e+02
2.135405334193892202e+02
-2.600910047583046207e+02
1.224020345963189584e+03
3.274327985033839923e+02
-1.702186154514440659e+02
1.907625331740370456e+01
8.484158775705403741e+02
-2.099636961999499079e+02
5.136125271705883506e+02
3.478168350833794875e+02
1.700209892317717504e+02
9.786795607756062054e+01
3.384983378365764111e+02
2.331039181541306959e+02
7.169122903962985447e+02
-1.949818774977667317e+02
5.077793998397406483e+01
-3.011588838497220877e+02
1.833282066004216517e+02
4.094772232352389665e+02
2.106498033324739936e+02
5.017906260673767065e+02
-1.188211449968433726e+02
-3.229636058594547876e+01
2.732000409278045936e+02
5.885929080174564660e+02
1.708508198502318862e+02
-2.012037190367456105e+02
6.562791148065593916e+02
9.280940638907686662e+02
-1.530366111343204238e+02
1.337178106072606454e+02
4.955771859990377948e+02
1.654514159374397195e+02
1.035812138000991354e+03
5.398047949496519777e+02
5.659264558915643875e+02
5.609907157816983272e+02
3.466823575344602091e+02
3.270784252557430705e+02
1.148148378611084581e+02
1.610124845943669527e+02
4.306389501430617202e+02
-8.696948114652434469e+01
3.731612953577434268e+02
-5.398113233859090769e+02
1.061312510356975736e+02
6.020560191610715037e+02
-2.548305324409881223e+02
7.704042474273777543e+02
-6.178715453756481679e+00
4.552173043165759623e+02
5.779805134223627192e+02
5.322043745788508886e+02
5.596792072917851328e+02
2.607173737017899953e+02
3.515679499637811318e+02
1.688529401378657440e+02
1.004042076533463501e+03
2.446851345467036936e+02
-2.512387890931038044e+02
-3.711799915824069558e+02
3.043245270155586581e+02
3.413808488993028050e+02
7.279255571950544379e+01
1.737314986565002073e+01
3.919621087542287228e+02
4.830440627681115728e+01
5.750110991529493276e+01
4.873783092141672455e+02
3.057364951105278124e+02
1.538921869006171903e+02
4.559421942728786235e+02
6.736762641394332150e+02
-1.039828175244748110e+01
2.900247781077883928e+02
3.538333142573258669e+02
8.999162141072241639e+02
-3.165466617691287752e+02
1.163640909496639324e+02
4.815213610939370596e+02
5.039290975891069024e+02
-1.105064051847604389e+02
-3.106822812379730436e+01
8.117851788623992206e+02
3.629601504008755910e+02
2.839725861210855555e+02
5.180817558340546611e+02
1.970787585093234782e+02
7.559265635396415064e+02
5.963488844719516919e+02
5.201095962770299366e+02
2.894526113108798313e+02
9.442096214972500547e+02
2.543896060329126954e+02
3.074419969753632813e+02
9.268583472893337216e+01
1.646802957105433052e+02
1.998871045604571606e+01
9.207577099261316107e+02
5.015610382103414508e+02
4.727008889793965523e+02
-1.003490642988733441e+02
-2.098208010418249003e+01
3.660603395064048868e+02
4.921991561665670361e+02
9.270437387608130848e+02
2.250052711092578761e+02
4.842575736285519383e+02
3.191008625025295373e+02
7.255931906378112899e+02
8.466205088658358591e+01
1.513085832211655202e+02
2.520554801032915861e+02
4.776614679414931857e+02
8.365977159010101332e+02
5.143613043409025067e+02
-1.866095774393271967e+01
7.213606164532424145e+02
4.097389310020069502e+02
-2.671374248269913778e+02
3.972588403241632022e+02
6.027400268322084003e+02
4.181162098518504422e+02
1.393535511087747523e+02
7.664986653203317246e+01
5.020936319869191493e+02
6.611146094442335652e+01
4.180180338919993801e+02
-3.074477497194656905e+00
3.386725839476254123e+02
4.053053582522931606e+02
2.868839825648652209e+02
7.125214952794534611e+02
2.881786370193619859e+02
5.385991725207187528e+02
2.588340830962036989e+02
1.393261638281172168e+02
2.598717188570110466e+02
4.314014678899084743e+02
3.634835458513383628e+02
1.620405387088994331e+01
4.054249783624677548e+02
3.208787672735880960e+02
2.478440642317804929e+02
1.180844549238353949e+02
1.719618692590307205e+02
5.442833048095550339e+02
3.810978704639528019e+02
-1.222823583323773988e+01
-7.465989662220096079e+01
3.729824325687512783e+02
1.216633681758510050e+02
6.627376384749941280e+02
6.186784814312354683e+02
6.731233772793284516e+02
5.559408057076369687e+02
-2.715004597657367071e+02
-1.989743491633493733e+01
-3.311624367713124002e+02
4.245201145649868408e+02
3.579421607381816557e+02
2.955417284482869036e+02
-4.059286437816439843e+02
3.011193700001198863e+02
-2.908870354259728970e+02
-2.203567925108071890e+01
3.525815309906240032e+02
3.143239422305808830e+02
2.158713209224564764e+02
-2.500434148954012414e+01
1.403696983665210496e+02
3.559364129795209806e+02
-5.430878458904091843e+01
5.745614674223043039e+02
1.281283928814347632e+02
1.843953164412415902e+02
7.283487735682837183e+02
7.713465293002008139e+02
3.839016550533903001e+02
1.088896871719089745e+02
2.112470574585554743e+02
4.375658651132201982e+00
5.367040587980742430e+02
-4.314220231852446119e+01
3.753115316179745946e+02
3.391615755794072697e+02
9.353562128644746281e+02
3.358459053316231575e+02
9.860325647202184030e+01
1.299743830053954952e+01
3.583828864033716286e+02
6.470144967723692844e+02
-8.731567921149350298e+01
-1.370035183275583961e+02
2.526348957450291550e+02
4.068877213658657297e+02
5.910720121544734411e+02
4.319470084866846946e+02
8.636030200564181314e+02
7.059328520414638319e+00
5.202903649230961491e+02
1.221202018460142824e+02
4.454061066216121390e+01
6.741184639332965389e+02
5.250241155397267221e+02
3.953542154536525004e+02
1.297915564781806665e+02
9.386220192048898525e+01
-7.568295024530959836e+01
1.201358193684145874e+02
3.374099047535656837e+01
3.461422584012560151e+02
6.103727817971208651e+02
-3.523004490308871368e+02
1.704607299444588975e+01
6.335317693681114406e+02
3.397642329992132773e+02
7.404948881334581756e+02
-1.431074065913047946e+02
-3.728695452491325568e+01
8.778952572095514597e+02
-2.642609082020385358e+02
-2.505741047907805807e+02
1.065240152638493782e+02
3.983036547106460148e+02
3.399517138987172302e+02
4.017605662819100303e+02
-1.515739930932923016e+02
-1.794230007195286589e+02
8.739499227453326284e+02
-8.574107462977080729e+01
2.754735741777943758e+02
3.933029702107278354e+02
2.195013766968680500e+02
7.246609296938680700e+02
6.496520138692561659e+02
-1.443989112807217055e+02
2.255373160261955832e+02
-7.442886666340383783e+01
-3.571523123700212636e+02
7.767697398669868107e+02
1.462434923790877406e+02
2.370305365101277744e+02
4.632906281372272019e+02
3.150616304019781069e+02
3.758496153808093823e+02
1.704957264098709402e+02
1.560312488908450632e+02
2.705146026993858754e+02
3.668039408481979535e+02
5.934756743039674802e+02
2.546239913476701702e+02
1.387100012962450535e+02
2.975145720264216607e+02
1.873674340197569848e+02
1.569574585575759329e+02
-6.582194823117632154e+01
9.347630284754992545e+02
1.743926660595582803e+02
6.998887971312935008e+01
2.140864419448255092e+02
-1.247542322671243511e+02
3.536451906461119847e+02
4.129948002250984018e+00
4.689083308383168287e+02
5.371501234914042016e+02
1.808301052871335628e+02
-2.499276187730855270e+02
6.128990249768189642e+02
4.000018092164913810e+02
4.835015439121253848e+02
4.202090830012756442e+02
-1.660206629133169827e+02
-1.196687767413976928e+02
-2.850819599655703200e+02
2.245039709462316182e+02
4.268811030717557742e+02
1.222875294528939094e+03
5.107183723829601973e+01
-3.901555380982655663e+01
5.212867156149113725e+02
8.833214706672256966e+01
8.652806067952371905e+01
1.079311315212125635e+02
-1.794206887724747617e+02
2.884234690484766475e+02
7.920947205025326809e+01
-2.501063337664866424e+02
4.309932058036814624e+02
-1.351700450564693199e+02
6.823182874465419445e+02
2.810145281697322730e+02
4.160566613758414292e+02
2.604745190155530281e+02
-5.037982965408720588e+02
4.294728667227032304e+01
7.141164585808736547e+02
7.332181201868112339e+02
3.315145706791079760e+01
9.154754107460984187e+02
-3.584360157310462114e+01
4.177564180322988818e+00
-2.146185049499849811e+02
7.754845743057469463e+02
4.266524911199333587e+02
4.772748157831896378e+02
2.130759526845523624e+02
2.373082641520967400e+02
1.484956789999472733e+02
5.435015021808366100e+02
-3.363517231271634245e+01
1.006846277876548896e+02
4.761438765253371344e+02
4.923256284155102662e+02
7.289126962412409512e+02
6.145385233639268563e+02
4.914155950152375567e+02
4.362110560378141599e+02
3.379718372021493451e+02
3.054781597028155602e+02
9.007838685355427799e+01
2.158797944352088791e+02
6.070739324367557401e+02
2.848414140400835208e+02
3.349836043617798964e+01
2.387681539359179794e+02
-3.080811137284072743e+00
-3.843487955038439452e+01
3.538877893240025969e+02
2.810057237379568278e+02
