2.190760436548913219e+02
-6.391176672928651215e-01
5.884612847974963188e+02
5.581065917437102826e+02
2.508246070085733095e+02
4.381289447294446404e+02
4.749798500427717727e+02
3.517845363009793118e+02
3.882856365693851899e+02
1.179340563230966268e+02
1.029331877956434028e+03
1.165445920835539084e+02
8.848452085833012006e+02
3.175075308349672127e+02
1.413934823091714321e+01
3.495266423342856683e+02
4.329550082274019474e+02
4.608734029551611115e+02
3.171179800885810209e+02
3.487541184030242789e+02
-1.725540460815024346e+02
-4.552344478117836957e+01
4.957765540521921110e+01
7.761134624809862999e+02
1.425640810500792668e+02
-2.148741790325331635e+02
5.048349640809889252e+02
3.475371690660851414e+02
5.103230262283179286e+02
1.374177361294132709e+02
-2.866834182388631689e+02
-3.138139355405320998e+02
-6.645831916454731925e+00
2.664079190619887640e+02
3.154185763249249703e+02
1.808078390917462031e+01
2.252691220391289448e+02
2.313471882245445954e+02
-2.621432182833622733e+02
4.349400778234090694e+02
-1.351892283487695465e+02
5.220209692374282895e+02
2.741415221001393547e+02
4.016329900643304995e+02
3.337524902674195459e+02
2.034109539170001426e+02
3.630731975435151639e+02
1.358507607905253565e+02
9.454526899993808797e+00
3.218492108699545611e+02
2.378076758393946477e+02
1.570714164681592706e+02
1.803290363907478877e+02
2.231770802089177437e+02
1.711305581912516800e+02
1.979208354434166210e+02
-1.396524006537166542e+02
3.202295490104474425e+02
1.576111230859282841e+00
-4.999433041059275240e+01
3.666427054710151765e+02
1.530985876458715325e+02
-6.366267893537506950e+01
-6.439047887178231804e+02
6.704626599735900072e+02
3.799725994665008102e+02
9.770038465031510668e+02
1.635901875348222347e+02
-3.219112223970277853e+00
5.865844892553145939e+01
3.886557555891298534e+02
3.144881131490463986e+02
5.458421958335352429e+02
2.124515344414882634e+02
4.318068193520943510e+02
2.889030210904469413e+02
-8.398442402424502973e+01
3.946224423317846686e+02
5.748191948163756706e+02
1.870812257014591182e+02
3.513915231749098211e+02
1.251356689798892745e+02
8.094680811088639985e+02
2.153499284794868274e+01
9.594360221921385801e+01
1.547696087665316327e+02
2.030042444004640174e+02
4.490307087009538236e+02
4.645176727100640051e+02
3.297024282571536560e+02
2.089941659817406787e+02
-5.773475751244271237e+01
3.120477950296825611e+02
1.676170174059058695e+02
2.603828342869579728e+02
2.480258804483915185e+02
-4.939977576653031122e+01
-5.509689714806825833e+01
-1.298008707031415554e+01
3.706658584919895247e+02
1.555268842820198074e+02
-6.980889161287029765e+01
5.206949124272364315e+02
-1.220118698128630399e+02
4.747994475126834004e+02
-1.036321947968009738e+02
-2.929070372255218757e+01
1.586444600973692332e+00
-4.582770703816053128e+02
1.705660518960861793e+00
4.344029096179807539e+02
7.364816412764619145e+02
2.938305650297550642e+02
3.306724323191455710e+02
5.821098776045497516e+02
-5.525907049642552238e+01
6.375935429257406639e+01
6.417243581553210561e+02
4.609052618206534362e+02
1.334415876947425943e+02
3.267290305681989935e+02
-1.668658232104247645e+02
2.052845003242360988e+01
3.963330915447825191e+02
3.598011894201637233e+02
5.472295165362503440e+02
-5.612490132382917807e+01
3.426690865224057347e+02
3.304248960844349767e+02
-5.547977613128169594e+01
4.080563147034738449e+02
2.092857597437119352e+02
-3.186898764160137603e+02
1.976795461656236057e+02
3.080556147422159938e+02
7.721657029952197604e+01
-1.302664675844532383e+02
9.334827949682301096e+01
-3.658289415682460799e+02
7.368676525929125773e+02
9.700805544752070091e+02
3.206776524681369551e+02
3.787939777782665942e+02
8.797233129258643203e+02
3.766153322585157639e+02
1.322433825721422238e+02
2.665110483881028358e+02
2.723434847094218867e+02
3.954931091166934607e+02
5.890331379585120430e+02
4.038490463491588685e+02
4.480748053369628110e+02
-6.372955463371657459e+01
-4.270330690720727489e+02
4.224369259199628459e+02
-9.554344772871328217e+00
-1.331873221263688123e+00
1.874696290305921025e+02
-7.864850733597974397e+01
6.895711193949213111e+02
3.840674367193803107e+01
4.722985285486362841e+02
6.437864546020973648e+02
-1.203498107683194007e+02
4.195427604630081078e+02
1.536971539307410239e+02
3.305089782908351594e+02
7.173388023063448600e+02
1.078828213355885026e+02
-3.805129344152391013e+01
7.593474943724149853e+02
-3.537254953915851985e+01
4.607456172738753963e+01
7.116480446064612408e+01
1.538862919637738855e+02
6.478642369881126797e+02
2.334388601813886908e+02
8.203777883429225426e+01
7.245812682839893171e+01
3.151191182440288685e+02
3.576903348270486731e+02
8.347852694223314529e+01
5.761001246051243641e+01
9.355259071941991351e+02
1.137916934016826360e+02
9.080642219721952415e+02
1.639488865866299534e+02
-7.550960422434442876e+01
3.695978358038031075e+01
4.607727709147036990e+02
4.850299417535820794e+02
-2.305699073110733366e+02
2.444514983033804469e+02
7.389807410973938886e+02
7.191851922865839697e+01
2.663381385104728452e+02
5.823803180673506859e+02
2.810325460483995244e+02
2.475224995993125958e+02
1.994140377555110888e+02
1.790962125452855389e+02
1.011755751706088802e+02
-7.026980737189477111e+01
8.906126378858728287e+01
1.735117195033492692e+02
-1.320798637849898682e+02
4.144280527245305734e+02
3.555493564225885166e+02
1.772563269122539964e+02
-6.861297460654199654e+01
2.723526334406286651e+02
2.031322538016638362e+02
2.419588196604039609e+01
5.847154092968489749e+02
3.953216382381816061e+02
7.315638624836169583e+02
2.788770036524043121e+02
4.932944726295625060e+02
-9.827706894405997673e+01
7.586021491000225581e+01
7.840353250363905317e+02
-4.220592821207328882e+01
3.341114302809061201e+02
1.759778675645619899e+02
5.361170125379103979e+00
-3.045885951237605127e+02
2.694966156920286835e+02
3.556459208732024990e+02
1.130641359499167180e+02
4.633536844797583854e+02
2.182033407021800997e+01
3.661923589067160378e+02
7.952460567330444974e+02
3.886794029798605266e+02
3.790163223572551487e+01
1.175722525847774023e+03
9.933185053650554153e+00
-1.774270057598305357e+02
1.727179564580586089e+02
1.324918729515041491e+02
5.866506931032777175e+02
-8.472742419166232253e+01
8.419270097319827073e+01
1.738027070051504097e+02
-2.247706078244167571e+01
6.599499972200035245e+02
-8.337607186767154133e+01
-7.854308034013394035e+01
1.881273714707178328e+02
4.600218308082036742e+02
-3.340043001659824284e+01
3.951513058918795451e+01
-5.595538442371240251e+01
3.186014969401859389e+02
6.929602209441657124e+02
1.249434292276666838e+02
4.200919035413781444e+02
3.613394332300240990e+02
3.031615604185020629e+02
3.577098056139258802e+02
2.322263627366388903e+02
3.796095128953649578e+01
-2.628061828637856365e+02
-1.292493167853594969e+02
-7.318065959567806544e+01
2.989601610971253081e+02
9.593539405072515365e+02
4.433562368436118959e+02
3.880408757688512651e+02
4.094822883732770151e+02
1.249841268399442384e+02
-3.059030615787146985e+02
-1.095371465117681851e+02
1.725774577115187469e+02
-3.374410898939801484e+01
2.965883264312421943e+02
-2.509589548378467683e+01
-1.118532957800746459e+02
4.420736817162959369e+02
9.949297195591860543e+01
6.946204079419736388e+01
2.065669584054550683e+02
4.642673175728607475e+02
6.354830333515319580e+02
1.859219802774241614e+01
-4.938036091355355950e+01
2.487923634478646022e+02
6.520893923674161670e+02
3.601746197087496171e+02
5.216191335326710714e+02
5.444133104096285933e+02
1.006592576635938144e+03
2.369589917338885243e+02
5.432474092564100374e+02
1.011695437871463099e+02
3.399995110526589315e+01
4.270509432812866635e+02
-1.542243908384104145e+02
3.393474517782120756e+02
2.929553869727761821e+02
2.951921755642505900e+02
1.695914284089762418e+02
2.153537560728126152e+02
3.978201926907290442e+01
1.403658568448522601e+02
-2.892439444375490325e+02
2.819026184051407427e+02
5.240447448903627219e+02
1.760874421235286036e+02
2.998774307509315236e+02
2.439020964910451141e+02
6.577166412085517777e-01
2.143327750814294461e+02
2.868394512210598464e+02
1.026914376269085665e+02
1.068644840889250190e+03
4.075009052027103280e+02
1.450417913839451671e+02
1.401148405730658340e+02
1.171126751532478210e+02
8.068147365856161457e+01
-2.571888583998963895e+02
3.853045428074823064e+01
2.417009783100204459e+02
1.047574531478208542e+02
-6.671924238658979789e+01
4.671503631929836331e+01
5.862180987508457974e+02
1.261415594193304770e+02
7.683510667866996755e+02
3.202941529620616166e+02
-7.095540846993203843e+01
2.968254014499869982e+02
9.308158295498671464e+01
-1.739064890610115981e+02
7.687878623470061257e+02
4.878687486940366966e+02
-3.801053865494318984e+01
1.739554596225708849e+02
3.566827344899577383e+02
-4.021830578493488701e+02
2.718195239306587609e+02
1.537560726881281141e+02
2.579866706198465636e+02
1.776372554371201034e+02
1.316127265841656993e+02
7.903015664659919821e+02
-2.634602174891451654e+01
1.078288989492251062e+02
-6.143802750281730596e+01
5.421091724361789375e+02
2.195375685880049730e+02
4.144047867920401984e+01
1.632091195376356154e+02
-2.862828486108085002e+01
-1.752886225775537099e+01
4.521354357556596426e+01
3.439796288666292980e+02
3.013329785110316266e+02
3.997674801664621924e+01
3.409210234011240459e+02
1.076866955041223491e+03
1.160043387229741541e+00
4.146325440320555344e+02
-1.766024035818708171e+02
4.467534589100315543e+02
2.363893310412532855e+02
-5.679407811711147502e+01
6.919142439312918214e+02
8.834169394757941518e+01
3.110538644506112860e+02
-7.871580032103378244e+01
2.720921028343275339e+02
-5.949194405723915935e+01
1.847423161879585152e+01
4.690095612618366516e+01
1.504683521434335489e+02
6.150226292494237441e+02
3.094320806459884352e+02
7.838925120490756626e+01
1.425002715609298320e+02
6.834925341079057262e+02
2.489101799564545274e+02
6.523657424899531634e+02
1.286012433796588255e+02
1.198219310688243837e+02
1.404774059347397781e+02
5.028606397040693423e+02
1.608333854837287049e+02
5.715548915309976792e+02
7.206531776513002114e+02
1.984320867472175109e+02
-3.651325735025851316e+01
2.999022516270798064e+02
2.341156324059410849e+02
4.123555594343231405e+02
5.731629042530356628e+02
2.542880887193087176e+02
-2.220752439758855132e+02
-1.239013092563137377e+02
2.989134866045828289e+02
3.195931218830297098e+02
4.433343564161436490e+00
-1.334544742157442840e+02
3.786521281526520966e+02
5.728328585192647893e+01
3.408855082039836475e+02
6.708416853399746742e+02
2.786410615687727841e+02
-1.093682488256108343e+02
5.221909438626839801e+02
2.593173282025479693e+02
1.216707453073457259e+02
-1.838277315647920318e+01
3.339176144139323128e+02
5.199685172515404474e+01
1.630399168537370826e+02
1.099229268823028605e+02
-8.056486843734785452e+01
3.857782989467111179e+02
-2.347513649410718415e+02
1.822645765839997694e+02
3.858935964276868162e+02
2.485263370273538328e+02
3.965309693273181324e+02
1.707781197107208015e+02
4.859507418352001196e+02
-2.902307825149740097e+02
1.489345595089881726e+02
4.676957873866437581e+02
4.982593597962837180e+02
1.992581884162024721e+02
8.536462644599542955e+02
3.871980006309208306e+02
4.264795311140646277e+02
5.512772295407939964e+02
-1.008045252634740905e+02
-4.161199865785391694e+01
3.070738219247076586e+02
-9.699292981513599443e+01
1.772391970332651567e+02
-9.936197612614505204e+01
1.629819435247710402e+01
6.801968720460633904e+02
3.921886973164276924e+02
9.823202154458327584e+01
7.064241327866652682e+02
6.715837968240647626e+01
1.704913812346316604e+01
1.901319135465928127e+02
6.377064437464243838e+02
3.626576656692475353e+02
3.837303715240359452e+02
1.058444831016107202e+00
5.771308966668833591e+02
2.370287284635260505e+02
3.036887981597151906e+02
-8.639862012353816567e+01
-3.282427925995821738e+01
2.184898581877463926e+02
9.051619010272976595e+01
1.040324399241230253e+02
6.561406366275453195e+01
4.621716428836634805e+02
2.398627219832940796e+02
1.124618105680861618e+03
5.093863197037197779e+02
-8.864527205125106946e+00
1.180241528289813715e+02
2.665590121338777152e+01
1.699318128407282984e+02
8.073606577007308260e+01
-2.124954601708921587e+00
1.246803374598946164e+02
-1.939489042142293158e+02
1.350546921313488156e+02
2.882005393056329012e+02
2.902618420336067402e+02
-1.240811356234275706e+02
7.510039649654602556e+01
3.981009184980312057e+02
9.428000474595413607e+02
4.549774766599208533e+02
5.137986958185607591e+02
5.562410203276235876e+01
3.160491914145716805e+02
5.369406360051754064e+02
-6.088032364156691756e+01
-1.106801421825414451e+02
1.594902960106824139e+02
2.844557499037006210e+02
3.359442028260331767e+02
5.079688002235107547e+01
4.434911952083798496e+02
4.098188032794069500e+02
4.605855023527357162e+02
-5.871593854698179626e+00
7.161105302357020719e+02
4.144715854365466612e+02
1.009736151547715508e+02
-4.330537853375369650e+02
7.475633779602538880e+02
3.206433017961647352e+02
6.243936467424166494e+02
1.750819597065766686e+02
1.418200725548265382e+02
3.319856261085045617e+02
1.434863601524963030e+02
1.038440435925110279e+02
9.955246765261412634e+01
1.470806575507663752e+02
3.939212866434180569e+02
3.003300061577937186e+02
3.731371358580703941e+02
3.484789006391470139e+02
3.709634511961655221e+02
4.093428980085950002e+02
2.082231378606472560e+01
5.401849304364034765e+01
-2.491584359860613063e+02
2.628944460755213868e+02
2.976455641860079595e+02
5.984531057948212407e+01
1.291577897658531811e+02
1.142066243317639476e+02
-5.088212247193789750e+01
4.324787122962903823e+02
1.443891894711232737e+02
4.104973784401835246e+02
2.012791157035640026e+02
3.376854677258800166e+02
9.298687470156184531e+01
5.085803720051854384e+02
4.220476410028188639e+02
2.387642584073945216e+02
3.943216579146375693e+02
-1.373701198427667123e+02
1.437344410155557455e+02
1.116800720742330441e+03
4.030126529479962301e+02
8.117030392251126614e+01
4.029890583664165149e+01
3.506285282432984900e+02
5.812509787995003308e+02
3.560154255321342021e+02
2.307665977413947473e+02
8.071642909640621610e+01
7.870608039887079030e+02
-1.114840005475448947e+02
2.359824228484013133e+02
2.207109977064374391e+02
4.291339238302409171e+02
2.419144593317496970e+02
1.799142851141708093e+02
7.678449537351127674e+02
9.532560036929538683e+01
3.293342229609955325e+02
-1.567765596804437322e+01
3.880003947005810687e+02
8.510116293936334841e+01
1.016590992145536916e+02
4.928487830025559191e+01
1.823236243944340913e+02
4.120759776387939155e+02
1.921277193839531776e+02
6.483109036716625724e+02
1.026738008562277855e+03
-2.073490427703248713e+02
-6.514907648832472375e+01
-3.555900903620004101e+02
2.336834389147940101e+02
4.676800028839039101e+02
2.518208900540664672e+02
2.946104468043100724e+02
2.189207629123360164e+02
2.233336168595455717e+01
-7.335063835706597501e+01
4.756247037189931461e+02
5.940275424910756641e+01
-2.888934396677666427e+02
1.826872867623488332e+02
2.040603059067888694e+02
-5.760196518530104015e+01
5.467866574912870874e+02
2.769867827714260216e+02
1.797116635990174984e+02
3.028954700768485964e+02
5.314565795832007780e+02
3.923134616354518016e+02
5.377202623015057270e+02
4.860321813333026739e+02
2.640172768057122425e+02
1.037579101728933608e+02
2.136138608692545517e+02
4.816522038573277200e+02
1.526360519127640032e+02
-1.486565094336334596e+02
6.423227660965620771e+02
3.336896347882539544e+02
3.167700766826136487e+02
1.076750051951847809e+03
-6.190510237770323698e+01
2.892639584481565294e+02
3.747463103980439882e+02
3.731989860451520258e+00
-9.483826956177102829e+01
7.794025328655254725e+01
3.187076807253674815e+02
6.033339474877913062e+02
7.577109928390317464e+02
1.161207560298628465e+02
4.628631302756716082e+02
-1.973014094546477111e+02
9.316745750812884808e+01
2.749094594297822596e+02
7.541175590375301852e+01
1.363110874945043918e+02
-2.549375282721394171e+02
2.834801123089841894e+02
-4.295772691642748242e+01
7.937256150582351211e+01
5.039307385682066069e+02
7.973815055074871339e+01
4.496111439902228994e+02
2.093248240616852911e+02
4.449364785662908730e+02
3.055838310075346271e+02
1.849084532997796089e+02
-5.340999194987260523e+01
3.678786537499385645e+02
4.809294433612583362e+02
4.447701157363070479e+01
2.422266925753904445e+02
4.177214729375328943e+02
1.823987544270650858e+02
5.054025020072524512e+02
-2.380232318454087874e+02
7.163285309510808929e+02
3.938657640786466629e+00
-3.380418886070633562e+02
6.099349179016900990e+00
3.185669380867216773e+02
3.437920799037885899e+02
2.110991441689982366e+02
8.335257158547869949e+02
-2.772789055380412719e+02
6.682877183055829846e+02
7.087342406117141991e+02
4.642071651961605312e+02
1.302861665444095536e+02
1.905174613006489892e+02
2.078423428165422138e+02
2.649264660032670804e+02
-2.407702930641821126e+02
5.342545432716889309e+01
2.267596881193198612e+02
4.605891001013338837e+01
5.767185821403857062e+02
1.181819576477709575e+02
5.157818773465828599e+01
1.767581673546309275e+02
-1.402484341317176586e+02
3.190175592050433124e+02
5.878776962860621325e+02
7.061577805921284607e+02
-1.238450363255048501e+02
4.041776963655159989e+02
3.190269652072961435e+02
6.875876106835629571e+02
5.001367810145199542e+02
6.903463628768462286e+02
4.312369471796050391e+01
2.958667439993059816e+02
4.247748617526503949e+02
1.172520533987814986e+02
5.735225110724779825e+02
8.595409718857582959e+01
-1.307341138264244194e+02
2.836567193605782791e+02
-6.337922913970305672e+01
-3.537017868777667218e+01
1.234985212193385564e+02
-5.754619060374846384e+01
-1.161445516281194301e+00
1.921011101768116873e+02
2.161021397822088375e+01
2.640218378380049558e+02
4.719649630461065613e+02
7.218712936041049488e+02
1.554872504514884213e+02
1.050652638592602841e+02
4.108469985523973378e+01
2.810875858536285818e+02
9.481967090254396169e+01
1.790011318182566811e+02
3.097050827993387543e+02
6.723548331357939389e+01
2.048895343378632816e+01
1.259279142626344878e+02
3.143813368463920455e+00
2.099957204076159201e+02
3.097609821324866175e+02
2.598164015343052142e+02
1.053144487109417696e+03
5.767911022847535207e+01
-2.014056220168443190e+02
1.668201340569004856e+02
-7.936244856715198637e+01
2.134895909448225666e+02
5.061237953113576964e+02
3.541939425188013502e+02
6.490667168191558858e+02
-2.954671387998668308e+01
6.340924343048230583e+01
2.112329289837658735e+02
2.507246743045925257e+02
-2.670654636106885391e+02
4.847217637805476329e+02
2.722890529448102370e+02
-1.780164334539497872e+02
-1.441432257313918512e+02
8.533983103192677788e+01
8.205360514351067991e+01
2.007464700288375070e+02
1.225773914169384113e+02
-1.296011645447849503e+02
1.251709018644002214e+02
-6.570904756498305233e+01
1.232834516187165264e+02
3.141325174001741516e+02
8.216491778634988350e+02
1.236417386240140331e+03
8.698882184135595708e+01
1.984301451238975460e+02
2.817909887441743990e+02
1.946628678025534782e+02
2.921467998916075715e+01
-2.159052142405957966e+02
3.301319506220867765e+02
1.866911294447273235e+02
6.095912342272306432e+02
1.810201391664422772e+02
2.133066755292149139e+02
2.301604550497919774e+02
-1.306210927978747236e+02
1.739769723876927543e+01
3.015733902846546926e+02
2.879819699602747960e+02
3.087033714611652044e+02
3.396779988988893138e+02
7.818197750949836973e+02
-6.942934772374447050e+01
1.481432265669554909e+02
8.387239962923591463e+01
-1.950307251928079495e+02
3.391900404249302596e+02
-5.112700445096560031e+01
7.895500488156800429e+02
1.472800734089072705e+02
-1.992179675320249714e+02
1.634273739492668085e+02
-3.917283928157494444e+01
8.046818339550373622e+00
3.032344072409520095e+02
-1.602524912734427289e+02
1.518958246763803572e+02
2.133084247936570534e+02
-2.752584353184715269e+02
7.102502750211551756e+02
4.000693708911633166e+02
8.009830431483098323e+01
2.993009931634039944e+01
4.325036577093779897e+02
6.289687336417881625e+02
9.612992242288953548e-03
3.990921955925097109e+02
-3.099378247778914286e+01
3.281663862815140078e+02
4.806601130060373066e+02
3.304805227979221058e+02
4.465703499839908091e+02
2.848976326109041111e+02
9.957189554352574135e+01
2.841905039189152760e+01
-3.174479299612457908e+02
-1.230644501837079474e+01
3.508499926834597318e+02
2.424208024793479979e+02
-5.111265646977788180e+01
3.731514225023326503e+02
1.656409288301324523e+02
1.072115137886496541e+02
5.990905282553495681e+02
-5.853650079022207819e+01
5.425187079598003947e+02
3.127855786593619669e+01
2.682951434967915816e+02
1.537903275412149355e+02
7.907532683848326371e+01
4.738439212095090056e+02
2.272888446380238463e+02
3.666638513077689936e+02
2.613892442597811794e+01
1.701175425563453132e+02
1.318174431826765840e+02
3.689014947577915109e+02
9.479841068466750187e+01
1.445419930316159025e+02
4.208568568271535923e+02
4.000065873079636276e+02
4.667286429820264857e+02
3.433064133636535189e+02
2.647199597079745104e+02
3.975228871332088829e+02
-4.418127982324228356e+02
6.694294838341255627e+02
3.377928677621292763e+02
4.862963842448413629e+02
2.708095904773789471e+02
2.748304881328631382e+02
1.031920782597717107e+03
3.837618745370525062e+02
5.556961575889521328e+02
-2.273893442008278782e+02
4.058607512144432405e+01
1.127714387232892932e+02
2.614959994181818388e+02
3.674288196751464284e+02
1.947011093064448346e+02
7.700049781062366492e+02
5.677675275816696967e+02
-3.647862110255458674e+02
1.076214179775159039e+02
9.620978255524417477e+01
7.678034096313815553e+02
7.679151360439077223e+01
1.031624812854708182e+02
6.873357678112805615e+02
6.938459221966223822e+02
9.791631795598691497e+02
-2.463288234157861893e+02
-3.644626099315067336e+01
3.143165430604852304e+02
3.430242617893381407e+02
4.662839631106090224e+02
-1.179447752736094088e+02
4.611363670069314367e+02
2.407973299847852502e+02
8.379828566839946689e+02
3.901930534288553076e+00
3.183924898990477459e+02
1.313516141085563049e+01
-1.043058411026102306e+02
-1.290748128392777261e+01
-3.906234664755643848e+01
-8.136677756753870199e+02
5.219988156832716868e+02
5.334413340467087892e+02
-1.403128132056661457e+02
4.697875054384829809e+02
1.060404069028613208e+02
5.195856568103015434e+02
4.977660882358182448e+01
7.475475395204807683e+02
2.566547021551548937e+02
1.995091542280757722e+02
1.277757971324710695e+02
5.352672632812818847e+02
4.992538819802408625e+02
4.104295155647471347e+02
4.322429108223483354e+02
5.019870558417184725e+02
2.451607786737029073e+02
5.930766499680295283e+02
3.807096068729789522e+02
4.252053921081306385e+02
1.201882177383031092e+02
6.366624428673173242e+01
8.544426239851193827e+01
2.949162458439653847e+02
3.669243721209268472e+01
2.168818724381201264e+02
2.946578577765064324e+02
4.050778246812865291e+02
8.593880019431527728e+01
4.270155538235638915e+02
5.063214944655139789e+02
1.275084653149806172e+03
5.003835530159284417e+02
4.066737971752364729e+02
7.852299639067064163e+01
-8.922321859508281250e+01
4.418385755330872371e+02
6.343065259823329143e+02
4.369138116114242365e+01
2.351284060158185412e+02
2.946453704333606538e+02
3.133326370595375465e+02
4.224579753390660244e+02
-3.448072325502256064e+01
1.543943142719992636e+02
4.032055805763992851e+01
3.334434120159046699e+01
2.518474122535435242e+02
-3.093356326308626763e+02
2.897156685051438672e+02
-8.937444069379756684e+01
-1.827040610031253323e+02
-3.252682859169407266e+02
2.184012257461830870e+02
3.698700316940102084e+02
2.964534322837878833e+01
2.500114717720873330e+02
1.371688223216377764e+02
-2.157775974819410862e+02
6.256695133104234401e+02
8.959659309146438773e+02
1.069512780964230615e+03
4.372360039247899977e+02
3.000924907548367173e+02
2.060619864865080686e+01
9.127843989943936265e+01
1.015391063110715208e+01
-1.714507632782996041e+02
5.820147606310082438e+02
2.749286999018214601e+02
7.211069754119786523e+01
3.473076181800788049e+02
-3.907798554167328575e+02
-5.316029521527994461e+00
6.870950525476369819e+01
1.573150001522608079e+02
-4.965880595831369249e+01
-2.831179838296856843e+01
1.855719016360086187e+02
2.645761134761620497e+02
4.328793583932461502e+02
1.837238206199617139e+02
2.982377716576731359e+02
3.552702628659030211e+02
-1.344938069679760133e+02
4.683495506158103439e+01
9.791808145686897547e+01
2.289923903876989186e+00
1.410730070371083400e+02
1.242558935057742531e+01
1.723057732186725275e+02
-9.534402615660555114e+01
1.713760033246965406e+02
1.232753926080406472e+02
5.293876150398581331e+02
4.396652590588172416e+02
1.482928434071571928e+02
2.713075131661399837e+02
6.419465890941637554e+01
7.213074593111186061e+01
-2.256478606285590160e+02
9.281317571160573152e+02
5.364274846819411096e+02
4.345885829562002414e+02
4.909499385582992090e+02
8.141185559054267742e+02
-1.322577960953768752e+02
5.706027873167852249e+02
-2.043500674974551501e+01
9.462446800963351734e+02
1.680451189387021600e+02
3.569250728770571754e+02
5.055155521835387162e+02
4.869474252522837219e+02
-5.255947338343191433e+01
-3.025201601680860222e+02
5.874319615347963008e+02
2.772475042422701677e+02
3.512214177689822918e+02
9.489202826906836208e+01
1.275697636088260936e+02
1.823498571293547954e+01
4.600937844715220422e+02
-3.823507836436413498e+01
1.636141278258818232e+01
-2.124702701194015333e+02
2.753448189130743629e+00
-1.640296633817623473e+00
-1.982567934648039909e+02
5.451659501531195247e+02
-7.916655748057871733e+01
1.110646882449528334e+02
1.858923864989565971e+02
3.421546920960850002e+02
4.439261319383464297e+02
-1.031430392862940977e+02
8.799402625371193665e+01
5.275286689956831196e+02
3.542594715907584373e+02
1.522129877456540044e+02
1.651530363080229051e+02
7.138688983874178007e+01
5.827523062398500997e+02
1.311508818649884915e+02
