-5.809098557637745586e+01
1.422266134097495467e+02
-8.569210326174939496e+00
4.048134633428722964e+02
-2.936235857313518949e+01
8.632089221754540631e+01
2.629623695752860613e+02
3.052556563401828384e+02
1.297856330772362980e+02
2.157840335260410143e+02
8.637894276083140994e+02
1.519000618654669950e+02
3.862847124436216006e+01
1.420501661733032108e+02
1.304681158985435104e+03
1.818216436575600596e+02
4.648313331163912210e+01
5.430720533941046142e+02
6.675912714788687481e+02
1.065089491566638742e+02
3.614056542715287605e+02
1.837313401288582071e+01
4.929703968277327419e+01
1.097274199503828243e+02
2.681528687815006151e+02
1.160308594375181315e+02
3.903231367817297723e+02
3.327818543963546745e+02
-2.984114684006206630e+01
1.822970472592146507e+02
9.294338289024057076e+01
2.639275617293581604e+02
1.574663240129557664e+02
3.028319958017777935e+02
4.216804773064189931e+02
-6.018104725624279183e+01
-3.639594306759777709e+01
2.114858638469092966e+02
3.452817267364089560e+00
4.948148987995037942e+02
1.010309199432403062e+02
3.956402942510695198e+02
8.724050474573697329e+02
1.338664129132482458e+03
6.930658949311074366e+02
6.181248227437760079e+01
8.193308628971374219e+02
9.930433648371902677e+01
2.797446802429339385e+01
3.665452106869677209e+02
4.941523040172750569e+01
3.733572807442828321e+02
6.054894766104038695e+01
6.025082255060373200e+02
4.247787412267584841e+02
1.514932738426304581e+02
-1.150720741454552751e+02
2.650017627709817702e+02
-5.840179908426871691e+01
4.542266708330360103e+01
1.779758773437449975e+02
1.242774047800836286e+02
5.840181375669393447e+02
-3.094809043966140507e+02
2.464367416371617878e+02
1.195958118818292064e+02
4.769435501429749706e+02
3.402429674218140008e+02
2.234370361280106465e+02
1.984633975075883257e+02
8.060722196498454650e+02
-5.586093365601414718e+01
2.260288457586242998e+02
2.649571779321341296e+02
8.888348405991004597e+01
3.598277379421202795e+02
1.269130984547890364e+02
1.641753653921776959e+02
-1.908239536721347918e+02
-1.274976539802085256e+02
-3.748769409545669760e+02
6.486265617884073720e+01
9.413791963947513750e+02
3.672505004998612321e+02
2.935556999614084930e+02
1.717527639018398418e+02
-4.229083506352973814e+02
3.284147076426053786e+02
5.278806945499785286e+01
-1.110275805989327225e+01
4.341113530739660291e+02
-5.626848114138968526e+01
4.322134616933077922e+01
1.821769098398569895e+02
6.503321814228925746e+00
-4.113481492149347218e+02
9.450014507240807404e+01
1.922209114320145034e+02
-4.578349029822161924e+02
4.385001645245739041e+02
2.537966694371802419e+02
7.515955519244099037e+01
-5.816880732480669280e+01
2.498816050593707132e+02
4.536027480966976100e+02
2.836816203300604684e+02
-1.144477313486243162e+02
2.527137419834896264e+02
-1.913088124618368369e+01
6.980306042498015131e+02
2.723400245499863672e+02
3.491170465267020404e+02
3.366018481633404349e+02
-3.301264243780757113e+00
3.746432906590691800e+02
6.585883815708888278e+02
4.672781160025051577e+02
4.281027069336083741e+02
-2.094331524531301909e+02
2.119556225770558058e+02
3.571432738647983456e+02
1.993233207582894195e+01
1.945905046733025188e+02
5.434011110472191604e+02
-1.023935976375676660e+02
-1.357877147147254391e+02
4.655874362541970299e+02
5.322934428123744510e+02
2.683646171562248810e+02
9.089769997857308681e+01
6.022327908875732874e+02
8.808850950902208865e+01
5.389168427647358612e+02
1.310437875473407132e+02
8.974758116226941240e+01
5.154006094478764055e+01
3.394157131519003201e+02
7.395493155040009015e+02
3.640168847375118162e+02
-1.252959154083322488e+02
3.968162149416129409e+02
-1.192988768001812616e+02
-1.942265931798912106e+02
5.450455711845299902e+02
1.422734552742893186e+02
5.025656917930604095e+01
1.684711461060628892e+02
5.208672876793782507e+02
2.169252903858557318e+02
3.926988227699374079e+02
4.706479243444683220e+02
7.774651260829102739e+01
5.230758463940679803e+02
6.213452115476732160e+02
-4.622557408033259208e+01
6.032318474102925165e+02
6.874225003872311390e+01
1.826613937590157377e+01
-1.027556481212645423e+01
1.660457258107180110e+02
2.047496789110116140e+02
-1.547455127577007090e+02
2.509747657607949236e+02
4.880187471772068761e+02
1.298905126431157271e+02
2.081285109079235696e+00
1.074006847322167602e+01
6.468875865881689151e+02
2.155813195978861074e+02
-1.287641773800663145e+02
-2.846409624616682521e+01
-8.552800277979216048e+01
2.326617682299154239e+02
2.265084642264677939e+01
2.614227881805250604e+02
1.221444431995503663e+02
2.062862112278584732e+02
-1.763958710100289551e+01
-7.139010408343646930e+01
2.565491301886223141e+02
2.871475934020065779e+02
1.835621228288428881e+02
5.740364287651664199e+02
2.116194190550386622e+02
4.744770815535733988e+00
5.801332596826364352e+02
4.683693790432452033e+02
9.669713346171091928e+01
2.391663548398807961e+02
6.577459835258839576e+02
1.052525801150949746e+03
1.033225614989428323e+02
5.032303569715602407e+02
-1.284368866926050998e+02
-2.818019673127490137e+02
1.141908278260390261e+02
6.889204386277378944e+01
1.325565645330346456e+02
3.674654000274919099e+02
2.486041560359944356e+02
4.174626079684514366e+02
9.503551688156950377e+02
-4.263728397150126881e+01
7.564210788821969800e+01
1.269532786042484531e+02
2.262278427082465839e+02
-3.249830586267513866e+00
7.008877245666640192e+02
-1.422406167666231624e+02
3.065732633019815125e+02
-1.570712420802233567e+02
3.622091974093812041e+02
1.301890388563770387e+02
4.021200123666474155e+02
4.625798895661965844e+02
3.510432933614425224e+02
9.073816841988056012e+02
1.139115894594901164e+02
9.511564870547084638e+01
2.259913647429701768e+02
-5.896375138691151818e+00
1.175551973000557382e+01
4.201884189970228078e+01
-1.535324626322866948e+02
4.718093993175735363e+02
2.893605126065386912e+02
4.693750106876264567e+02
3.830893731480214797e+02
2.227831778172642885e+02
2.780756587912615032e+02
-2.401911889338609285e+02
3.251300389615851714e+02
8.655293826468981706e+02
2.257766160092820371e+02
2.813119701153655683e+02
2.247466246983550491e+02
-5.024274552779099849e+02
5.951359221432238655e+02
1.561178605675499398e+02
4.791030322186778676e+02
-5.339984374230404285e+00
7.546635069528164763e+01
3.852390332519583467e+02
6.756707486543527921e+02
-1.463158289980277402e+02
4.999923543771615186e+02
7.774787669187730899e+00
6.687619855101729627e+02
-8.983148512216537540e+01
-2.604165848468091440e+02
8.127712788465815947e+02
7.267264878701150792e+02
2.310553092128739081e+02
1.706652119806809367e+02
-2.674036781518231720e+01
7.576597830232537945e+02
5.004417595357958248e+02
1.272254809745329851e+02
4.812931033108108068e+02
5.425266867779880613e+02
2.385670526313141977e+02
1.457580716745715961e+02
4.786034762484491978e+01
-2.592161499252292174e+02
-1.689805125322359913e+02
8.001966015267592525e+01
2.252982228882453626e+02
1.448511508716937612e+02
1.018618733004442163e+02
1.907600281978168084e+02
4.345937739173191972e+02
1.441466089641467079e+02
2.119998316589621368e+02
3.213733772828439896e+02
-6.800809429794718142e+00
-2.258446815064127691e+02
1.819106861419224117e+02
4.251458039408541936e+02
-4.587895650162216299e+01
4.836675621679418668e+02
2.064720290344958187e+02
7.546187985543309651e+01
1.273608256958990523e+02
1.485719488269896260e+02
1.911201345331018899e+02
1.170090930076587711e+03
5.232865589851687673e+02
-9.417744490620549414e+00
5.141403979809356883e+01
4.762627058959529904e+02
-7.939084220644494394e+01
2.999385849983079879e+02
9.723152217532964414e+02
3.476983066201113957e+02
5.407753723142996023e+02
2.427345042614018951e+02
3.137945662851268125e+01
2.731955516819380136e+02
1.204412045849626054e+02
-9.964775864005432027e+00
-6.844669099363102305e+00
2.839814614978131431e+02
6.045317954561812712e+02
4.862284115437613536e+02
5.996310349791665431e+02
1.238332975628632084e+02
2.850297689028058130e+02
4.704679359262811431e+02
2.610710067267297063e+02
3.885393982051932653e+02
-8.055195837405200621e+00
4.981903756679138695e+01
1.348912259043484028e+02
-1.125448435162695660e+02
2.964341661355569002e+01
1.196762804124955579e+02
2.800052195628097707e+02
4.137695129629127564e+02
2.383168439000201033e+02
2.605200132798925665e+02
2.605600924999690164e+02
8.261937177659143572e+02
3.898668087399346973e+02
5.072559079998110292e+02
4.127314927313130966e+02
2.452785115957863127e+02
1.205070891456433060e+02
-1.301524107934797883e+02
1.773101588386040817e+02
9.461636472468654802e+01
2.436478854113770751e+02
2.514861387209856503e+02
2.519479384532283461e+02
5.017673001564151036e+01
4.166297129661606391e+02
1.330691725146331521e+02
5.772265080977092566e+00
-1.576004405266355377e+02
5.986462679778032907e+02
2.313405835193296127e+02
1.052937144849958173e+01
3.216336792121169310e+02
4.885603002546713469e+02
1.080969622214655601e+02
5.403737911105965850e+02
4.618137988249549721e+02
9.040266046162527402e+01
7.050514706906132290e+01
5.250611092425488380e+01
3.447876036505742832e+02
3.607681651588622458e+02
7.078292113611229297e+01
3.851163875708858200e+02
2.537402108343889324e+02
7.285009189845430910e+02
4.537661280755116877e+02
6.427174950275892229e+01
4.694877226024966035e+02
4.641146365788324033e+02
2.712663775342962253e+02
9.522455038583964324e+02
-4.423180316928350919e+01
3.417516284294183038e+02
2.297250740630174164e+02
4.668070825343877459e+02
-6.793489940280386463e+01
4.236482019621396944e+01
7.504902261599389135e+01
6.233469731213120895e+02
-1.024866531666456240e+02
8.506897403493995853e+02
4.411272015282709162e+02
5.755267271049543751e+02
3.099742838975622021e+02
6.281082656298683560e+02
1.287530162102335112e+02
3.240883787083548668e+02
-1.504410064334002186e+02
3.795293320100983578e+02
3.935052968439783854e+02
2.931660077664978417e+02
2.741804074966013332e+02
1.205716665134696939e+02
2.893354521233024457e+02
-2.055249698773933460e+02
1.440238002714407344e+02
6.178727770637386811e+02
7.715166217077435249e+02
9.264093922959031602e+01
2.469436341381003075e+01
2.090393319716869058e+01
1.936206517023570939e+02
-7.566492360809043305e+01
8.109954401476931025e+02
-9.098334842410233136e+01
3.819765891146930130e+02
-3.104948701541049871e+01
7.777453549904646479e+02
9.942266691330149797e+01
-7.664447855115631114e+01
4.707596398622139304e+02
5.173281165152340009e+02
1.835487602456846332e+02
3.090842527833092390e+02
4.605646247061085319e+02
3.800793611968696837e+02
1.026452845985387796e+02
1.031259773996375202e+02
1.144556538844386466e+02
3.795382316126881506e+01
-5.533452966862788003e+01
3.307371575843679921e+02
2.403049178308558567e+02
1.807220476394368518e+02
-1.050304999691740022e+02
4.517225601311363334e+02
1.865468192232982290e+02
-1.533811763773004486e+02
6.854310575624440389e+02
6.734818126200008237e+01
1.677925016743522519e+02
-4.422592560728460853e+01
3.482501592526747913e+02
-3.138061991519309402e+01
-1.709513888606184651e+02
2.357402333081717245e+02
-5.211624243011772251e+01
1.434847300430242569e+02
3.508458736301192857e+02
2.029925918152855786e+02
4.553095150118170977e+02
4.921286115710785793e+02
4.902870268288370994e+02
9.716699577472652436e+02
-7.541815471246762570e+01
9.945940977308643483e+01
1.758646612879023792e+02
7.364324351640269128e+01
4.781484307231097119e+01
2.470198315891676373e+02
6.691962751438744590e+02
1.456074921024972468e+02
-2.767528582999951823e+02
7.113090498147016660e+02
2.475087730354497353e+02
-2.608849172771364806e+02
6.132272614088254841e+02
3.986762581600348199e+02
7.967137875633461590e+02
1.473473109399967143e+03
4.957315745132071356e+02
3.350564029051177499e+02
9.394286859240518197e+02
6.080872833703759852e+02
4.061529509839849084e+01
7.598721098782941397e+01
7.536684941136273892e+02
6.797988869317182434e+02
6.596761932729179989e+01
1.746882041648945574e+02
5.969971995483235787e+02
1.868594412439225039e+02
4.283043124704949491e+02
1.958057948044269096e+02
1.118823639596948993e+02
1.657563507660599385e+02
-4.001690929945568200e+02
9.415468408136688083e+01
2.146153941170757946e+02
7.103429938392678196e+02
-2.487197123096636631e+02
3.789994116838152536e+02
-1.346515647417752461e+02
3.114563313643394338e+00
7.073141981693742082e+02
3.409163314698141676e+02
4.533408455457011428e+02
5.262030765247250201e+02
2.518513087319005308e+02
5.884360357599930467e+02
7.788115665354476391e+01
1.926577018108243351e+02
1.801387325477168417e+02
5.714602523299345194e+02
2.977489129288938585e+01
4.485194118104247423e+02
-1.244911908927018658e+02
3.552637857713300491e+02
5.141989504807886533e+02
2.183719854994174057e+02
5.758497271478465791e+02
1.396229031813487040e+02
3.890165348780626573e+02
-1.489691680593055025e+02
2.172605391230764482e+01
3.353551087501741677e+02
3.089852952567266016e+02
2.664061083697874324e+02
-1.947350514823464351e+01
3.371037312175711236e+02
-5.782348911404771741e+01
1.046158699598057865e+03
1.013350123681104549e+02
4.022987368825546639e+01
5.220457624610361336e+02
-1.935795774462896475e+02
2.080034128849172816e+02
1.314194143671597601e+02
-1.818357679851276032e+02
1.577064417426918226e+02
1.401354300272992148e+01
7.531366245443723528e+01
2.230504246649137201e+02
4.719420727066092240e+02
1.397746255504281692e+02
1.534715757180783555e+02
-1.342249501954700577e+02
-2.936404247808809487e+02
-3.005190548496647693e+02
1.998759051930507269e+02
2.049513916620126963e+02
3.200660508675364895e+02
2.881156580013616235e+02
2.469115090777092973e+02
2.985899611438742909e+02
1.592990156540016073e+02
-6.767728235413568427e+01
4.469104904735328319e+02
-1.170234434255137188e+02
3.579654340129027332e+02
-4.146184085115774565e+02
1.667575358197820492e+02
1.422160888309414872e+02
-8.834556026837429954e+01
3.180190121180739879e+02
-1.320874118161282809e+02
1.230791673233649135e+03
2.478993526309843105e+02
3.852723067953746749e+01
-3.956566604079941385e+01
1.468053307326331947e+02
6.791336289899332996e+02
2.404028094279464085e+02
1.740279542396880572e+02
7.412077416328074833e+02
4.828814787567106919e+02
3.193959787251809530e+02
1.878428191359172956e+02
4.225875399507716565e+02
1.912047846804356936e+02
2.598128868879169318e+02
-1.556122494751105023e+01
2.066307721673138076e+02
-4.896283061867618613e+01
3.275409560613856570e+02
-4.696310258336053067e+01
6.036684103141310516e+02
8.280108158728008902e+02
3.629476309026398440e+02
2.395931156965039293e+02
8.727972359343767721e+02
1.639335373740998421e+02
2.149120434897784548e+02
-7.646834293650977088e+01
6.804016024685039383e+02
2.166752834072609062e+02
2.183513786558935976e+02
1.743411659797340576e+02
3.394118593834048170e+02
1.065744240456218677e+02
-1.658087238775437982e+02
4.736795261548082294e+02
8.821614316280883372e+01
2.292129556388312892e+02
2.441033245610904885e+02
-3.499510427134495671e+02
2.322061538752484466e+02
-3.230674411459570479e+02
1.609311602976049755e+02
2.698552147562494383e+02
4.578843014204434212e+02
5.203784250466922003e+02
6.083860314964457530e+02
1.463024181362776801e+02
2.614310424537480912e+02
-5.838674322171374342e+01
2.666294714471325733e+02
3.454205456204880420e+02
1.745519132126198514e+01
2.205572152990122845e+02
5.126278967908461937e+02
-2.952985978090343337e+02
1.632892793941313698e+02
1.898232254454052850e+02
1.890756625403824387e+02
1.531713445994319045e+02
3.934488737684883830e+01
-3.412675613719241596e+01
1.226285527932055402e+03
1.474189957317624931e+02
-4.359244692517329867e+01
7.632915987259104895e+01
1.657566677263720010e+02
3.727781587977821118e+02
3.022157903752134871e+02
4.482645229477429893e+01
3.868961729983276854e+01
-1.158953049039323346e+01
4.816850742437941904e+02
2.864257896887380639e+02
7.303267027977070711e+02
5.176598807505007471e+02
5.278584800964156329e+02
1.879925417563164842e+02
-8.145849584215187633e+01
2.208427480969036480e+02
3.898062987395543644e+01
1.035461877494832095e+02
7.745820988254033637e+02
1.935063837650527674e+01
4.094449803464578395e+02
3.041027065466352042e+02
4.242011626078396489e+02
4.030179555635330502e+01
5.978299745775565555e+01
2.682122569429871533e+02
6.192698952788679208e+02
5.848765528103053839e+02
2.237383745578354137e+02
-4.019621522818361825e+00
-6.699862096721298599e+01
-9.914797075238004709e+01
2.916927353699550736e+02
4.837141130417193153e+02
-1.702971065196969960e+02
4.358398208655691519e+01
3.915217633133909203e+02
-2.110679792087981923e+02
-3.412109928093597233e+01
3.540356174043357100e+02
1.567398543879264707e+02
4.215451626074450076e+01
-4.834733989880760419e+02
-2.550868738642176368e+02
3.485557952894729965e+02
5.310396088103472039e+02
3.831269306206974647e+02
2.891839104341451616e+02
-2.423467065590667460e+02
-9.513214714880669476e+01
6.883900806521694449e+02
1.861935512062542557e+02
1.690779447442678816e+02
2.860610124516674659e+02
7.220202484318618872e+02
2.086731415011121271e+02
3.876837847094686822e+02
4.228228443407496115e+02
2.597097453238017692e+02
1.118541932589779719e+02
-8.564973507218466864e+01
5.318642542202114782e+02
3.105512201895101612e+02
1.047596344497363532e+02
3.926117839007803241e+02
-8.043314001857432061e+01
4.351777835814930313e+02
3.151482849033423008e+02
1.081209464885286025e+02
-6.337150324179395255e+01
1.968499551655045821e+02
7.654069778778780631e+01
2.468067350364974004e+02
-8.310165849725547105e+01
8.414086540726415819e+01
6.871403883023897379e+02
5.111927776991623773e+02
1.169740429435578903e+02
1.022197282606171314e+02
2.835713564599367942e+02
5.890049020846639678e+02
3.259425329959448163e+02
3.568212401644942702e+02
-2.890062311344888712e+02
6.246758348055354872e+02
-9.564645446650976623e+01
-5.844092464753575911e+00
-1.735801713224099672e+02
3.657251782221323992e+02
1.189171346230811537e+02
2.156800030391341352e+02
2.626852309562816004e+02
2.778839109486820007e+02
1.291349580159403843e+02
6.098589311926582468e+02
3.040109433917713204e+02
3.726938034968259217e+02
4.410193139476261877e+02
5.049914566473048012e+02
3.803433259666817889e+02
1.399329462181438544e+02
1.016401588621429539e+02
5.034685283531038635e+02
8.364576524007690068e+02
6.284907460006314750e+02
3.143901238356115186e+02
2.399988151035942110e+02
4.399855861369599666e+02
7.665722516431534928e+01
2.164798839532575130e+02
9.472997934886095095e+01
3.590955963377549551e+02
5.122188367256200081e+00
-2.439583759471622670e+02
6.802770402782555266e+02
-3.737862150326663482e+02
5.085870765314647315e+02
4.402184448764762692e+02
7.438353031708874141e+01
2.914556753376048164e+02
1.702855423400379209e+01
8.309760562450854877e+02
3.772091700638990801e+02
-5.149251666169643471e+01
-1.233332619291862216e+02
4.312848276284869371e+02
2.430934162915201000e+02
-8.186971864226622131e+01
4.979645781685096040e+02
3.621032977501001255e+02
9.848118680318323470e+01
5.045568271396933255e+02
3.381418195588248636e+02
9.415706626603022755e+01
3.970858167105096186e+02
-3.241499021525602586e+01
7.525332442351300415e+02
-6.609793268375455000e+01
1.680780643588494740e+02
6.465731253857924230e+02
3.030864675640226551e+02
5.020084155756670157e+02
2.793426606900980005e+02
4.245748783400375146e+02
2.978985716484324371e+02
3.540075601486956316e+02
-1.139611234801366493e+02
3.468985072902986531e+02
3.795545073770733211e+02
4.400831547626182783e+02
4.010580744615454591e+02
3.913190936370907025e+01
-2.803851951103012539e+02
1.433961674111967852e+02
-1.240395534004124443e+02
4.731913996006185812e+02
-1.641971035532488656e+02
1.987114964906359944e+02
4.891387541898319000e+02
-8.240339794468518164e+01
3.471084043545194504e+02
-7.757525520491157067e+01
-1.031393699479062178e+02
1.725188781300275593e+02
1.167182658353647184e+03
5.548796770110955094e+02
7.436984947720139871e+01
3.085789505075576358e+02
1.919894828352109357e+02
1.427919186272169441e+02
9.304414216625914946e+01
4.932504726689453491e+02
3.512757915135947684e+01
5.647201508761849027e+02
3.445771211954619417e+01
2.115360094736170709e+02
5.688026615250732902e+02
4.823610736313158895e+02
6.726370678728080748e+02
-1.288499444539751835e+02
1.514562896559182263e+02
1.273991838396907070e+02
6.847033888643192086e+02
7.345803386310350902e+01
9.050447289352515554e+02
6.002767422342586769e+02
3.211952833836533046e+02
8.038610980706204145e+01
4.704191066708754931e+01
-6.388494356109509908e+02
2.370830034539122835e+02
4.175225674347760787e+02
1.306505010613084892e+02
4.054176909217858338e+02
-4.288382020458045929e+01
7.030388177085083612e+01
1.507824375709276126e+02
5.022333679220365639e+02
7.558903730858424979e+02
7.454421444420297860e+01
3.815525162169188889e+02
3.726346926931983603e+02
8.485213184642998385e+01
1.305882801750095155e+02
3.886296847349871655e+02
3.688701682605855581e+01
1.788464861393247531e+02
8.819871330110630936e+01
2.597001751603354336e+01
-2.093912784346174760e+02
2.196832939923785659e+02
2.601647845924093190e+02
2.259985026772152708e+02
1.485686625672053651e+03
2.763314557292866311e+02
3.623062149794301945e+02
9.868461624090409146e+01
-9.871293415896407453e+01
4.892422118241750582e+02
3.572276311313808606e+02
7.927199587419248417e+01
8.622625600631527050e+02
3.074020307549207587e+02
1.824999146401857786e+02
1.254417981954541830e+02
5.910552797610037601e+01
3.068561364955068029e+02
6.571563101440014520e+01
-7.084140003511392081e+01
5.564955354279204585e+02
5.232964768346502069e+02
4.756092236267518842e+02
3.415722861346274044e+02
-1.571265039645791717e+01
6.782144602631589123e+02
5.996469609544652712e+01
-7.669585574956610685e+01
3.588705175912915024e+02
3.671842441105278567e+02
2.336202731963568340e+02
1.043726934621620188e+02
-5.949869510635039660e+02
7.014602120361148252e+01
6.227113339217819430e+02
9.595666060173099368e+02
4.055055204713967498e+01
2.616244524355023486e+02
3.530093864326012749e+02
4.807132446961522874e+02
1.563449833611057329e+02
4.090163356269521273e+02
8.391321090717231073e+02
2.445268416401932541e+02
3.957912606498067021e+02
4.241556730857131186e+01
3.576135350168166838e+02
2.983009674134873990e+02
-9.977687215957269018e+01
4.184703086641893606e+02
1.335154279235711172e+01
7.821111530161994096e+01
-1.208480350081781296e+02
-2.762661798581326877e+01
-7.874742776690197843e-01
4.865259823270545780e+01
-1.595988428587397721e+02
-9.879594997218542574e+01
5.379841460707907572e+02
9.224237606670666878e+01
3.427966578383221758e+02
4.030646745426471256e+01
-1.322121710032657234e+02
3.098490563554971686e+02
4.536377681438245872e+02
3.440873758135181788e+02
1.637159769124227751e+02
2.105485033604569480e+02
1.198086885213766379e+02
1.560651158724298000e+02
3.275672759328280108e+02
-4.599586041926750113e+02
4.501152680348253909e+01
6.164083028061123741e+02
6.175560656078699822e+02
2.801186804907114833e+02
7.181951084566613872e+02
4.007882853685483724e+02
3.865524095273382841e+02
2.145757649420384325e+02
-3.799319712953554244e+02
2.612406215238187315e+02
-2.552515802797206561e+02
1.961967893580592772e+02
1.990489559716033909e+02
1.090076719553499913e+02
7.998419122294347972e+01
5.750851715313234536e+02
-1.631386324220254096e+02
3.590725287801586205e+02
8.291360999202336757e+01
2.534936840044429118e+02
-6.899166139997907976e+01
2.018937230157455929e+02
1.467226723136326996e+02
2.594941837733931038e+02
1.817270407532562899e+02
1.612672857391505659e+02
1.330908929003084609e+02
2.307697484893613193e+02
3.680281408162237256e+00
6.508142694706723432e+02
2.317784487835164242e+01
4.360455834058880100e+02
-7.649162148881824663e+00
4.378683953042401527e+02
6.340787866542713118e+02
3.366149445195505336e+02
-4.754701155002862833e+00
-2.630505634095375171e+02
8.864868714027602437e+01
1.658425981179208861e+02
8.659334632009589541e+02
2.383010687416374367e+02
-1.007345009256496553e+02
6.871197313400639359e+02
-6.030251846252772907e+01
4.481217767080303815e+01
1.196183276845950161e+02
5.510187994244329275e+02
2.808662371489206180e+02
2.798642875894544773e+02
4.967668117537067474e+02
1.433963487413168423e+02
1.614119527228286302e+02
8.849996511920737419e+01
7.402599550868159213e+02
5.613414781916224001e+02
-1.197654301563986508e+02
4.687868923156551659e+02
3.785756522567378966e+02
8.629482948623608536e+02
4.879273229096934870e+02
3.287034677071842452e+02
6.422005848321488202e+02
2.213457278174475391e+02
9.536032248038148396e+01
1.122335430121961863e+01
9.458758873549082580e+01
5.992706142844807573e+02
1.762154744987914228e+02
6.685468523909381133e+01
-2.972886278653012226e+01
-2.563738908706957886e+02
7.737183433665281029e+01
3.274127678682798432e+02
7.301280887633162138e+02
4.079300975067220634e+02
2.720341654091249666e+02
3.915799778429467892e+02
-1.159315812393716527e+02
6.925894632334062635e+02
4.828336938516184773e+01
-1.851363910377124853e+02
1.871080412329724822e+02
-7.085578429016504742e+01
3.324730826409994506e+02
1.646430491246017027e+02
8.098323897902228055e+02
4.711810864986883303e+02
-9.120892181043498681e+01
-1.732213056996999399e+02
5.460174007093310138e+02
5.516516024990429514e+02
-1.934950868216704407e+02
2.842104501381114687e+02
4.321095601690452668e+02
6.653739045510656069e+02
4.490373182970573680e+02
-6.595471929772062936e+01
1.942650562283698434e+01
1.096883339555797193e+03
-1.474397710535479575e+02
4.163852881671064097e+02
1.970219857277599544e+02
-1.148017097648616840e+02
-1.092053369485232253e+02
1.110999117747802529e+02
4.817033868723520840e+01
3.550409425532184287e+02
-4.093774543145816125e+00
-4.419302788230120314e+02
4.949153056089204483e+01
4.210495722757051453e+02
-1.620817689577946226e+02
-2.626420320505230848e+02
5.444619034800542750e+02
6.386185195668651886e+02
2.306122942184287012e+02
1.515418699802479239e+02
3.050783602543260713e+02
