6.307450475770235698e+02
3.157281953896181221e+02
3.836238908474709888e+02
3.573548861880763070e+02
-1.518705891543008875e+02
1.123083041238787416e+01
2.122209886856437322e+02
9.885884549401740173e+01
5.581485923063701193e+02
1.959483483045197829e+02
3.220881094263164641e+02
5.230116721794217938e-01
1.774645787608194780e+02
-6.007005073888142022e+01
3.832835465082101223e+02
1.101627317735330109e+02
2.689052051289767178e+02
3.287029982131748795e+01
1.643332589469405889e+02
5.549572596017299020e+02
6.694942481469786344e+01
1.352714393419787484e+02
2.902268303663142888e+02
2.933130630680815329e+02
1.220811285513961764e+02
-2.151563833140439215e+02
-5.010470153554658168e+01
2.874216354917968488e+02
4.992635189354310796e+02
5.692312779904101490e+02
-2.253969201980727348e+02
1.800892445953183767e+02
-1.410766216770917936e+02
3.480099969510731626e+02
-9.032184528345118224e+01
9.977842946950583780e+01
7.103831640599757975e+02
-7.696438862740606623e-01
4.509713535573594640e+02
4.724045984699746441e+02
6.994416191411514774e+02
-1.567470354203868226e+02
-7.568697656560854625e+01
7.190242183910902440e+02
4.526668395073605780e+02
-1.818399662520804583e+01
1.674175719549139103e+02
1.267159278999692589e+02
-4.043536463265786551e+01
-9.008069581133796078e+00
1.481627279594986533e+02
-2.530001615528170760e+02
2.088754962946890430e+02
2.198736784957669954e+02
-7.058943731841537783e+01
7.542448931216978281e+02
3.343152471827316390e+02
3.796335941348576171e+02
-8.953719352064837267e+00
2.732232435808364812e+02
9.881883136656338706e+01
4.571051653062050946e+01
4.751783802100400180e+02
-1.714824625374463665e+02
4.205630443612920999e+02
2.592619689236809108e+02
-6.734630279110129436e+01
9.048342836727014173e+02
1.072978855713553799e+02
5.808903039196076179e+02
2.292444260615327210e+02
2.192034646768853747e+02
1.204258306566664416e+01
1.926133988725187862e+02
5.526558396895052283e+02
3.070936121062336497e+02
5.718786595997379436e+02
1.001878466843566002e+02
-1.407128709654041643e+02
1.605062581630048442e+02
4.751502334101601264e+02
4.684184502496752600e+01
-2.986111930938633350e+02
8.696406993039204281e+01
4.343548182110608877e+02
-4.542311730484864540e+01
6.110381219268821269e+02
-2.295867995420091034e+01
4.773037993604933718e+02
4.934849726397607128e+02
-1.096468883122954452e+01
1.480251390896018222e+02
2.788386296841176772e+02
-1.689367820219728173e+02
3.353706911423076349e+02
-1.409659041803151354e+02
6.223120192145312330e+02
-4.320314284730245902e+01
7.222403114815733716e+01
2.434471429097047519e+02
-3.645121970512305865e+01
2.157049887869872506e+01
4.172795421244115914e+02
1.158547836024165463e+02
-3.360473283710653192e+01
5.152709439115776604e+02
2.013936063498349256e+02
4.168690403024255033e+02
4.301743945481164246e+02
4.096557235633045480e+02
5.142316140966798343e+01
4.287491835493669896e+02
9.008197066768528884e+02
5.610236375706422223e+02
1.678750187789213726e+02
1.276116848488822058e+02
4.748153193279638344e+02
1.767251616130719754e+02
9.042827981527746317e+01
3.138304273497774943e+02
1.413080564634767029e+02
2.293784764403797283e+01
2.322395535732203484e+02
7.215668104367928208e+02
-5.173287266838633514e+01
6.105986215511820774e+02
2.728463688712649287e+02
3.628282759222297926e+00
2.444622484513106428e+02
-1.009885025589452425e+02
3.848113612549510663e+02
1.198908905037872046e+02
3.444527198485719168e+02
8.742910593064602836e+02
5.055482529144682644e+02
2.900844682114814077e+02
4.419937558014022443e+02
1.887902549258057547e+02
1.124357430847172736e+02
2.672043784218867586e+02
4.708283783951072792e+02
-6.538740652414558951e+01
3.132407140297777914e+02
1.031315922305247668e+01
1.678373431821554718e+01
4.059950151316979259e+02
-1.279468474721136033e+02
4.405596679566349394e+02
7.990320743313732237e+02
5.756201073027980897e+01
5.684285018968155327e+02
2.769793089751454929e+01
1.169571443485153708e+02
-1.324483238454819229e+02
4.988921531432023926e+02
2.615248027062574465e+02
3.773673545195428005e+02
3.485717478209702449e+02
-2.499659485767666354e+02
1.306868582019114058e+02
5.597066298337957733e+02
-7.837408440219213901e+01
2.352796122065199995e+02
-1.110829795979095280e+01
1.599584868577646546e+02
-8.524756218446393063e+01
3.153078382912036091e+02
-1.213684241769856840e+02
1.612487227988238203e+02
9.968511902395533752e+01
1.590194069479947530e+02
5.307040972325513621e+02
4.128876394903871869e+02
-1.281731941648259365e+01
-6.546609305726225614e+01
3.366954994215039392e+02
4.125723561109608681e+02
-5.680244862325493216e+01
2.112196740673929582e+02
1.895102568814183428e+02
2.044639675513481620e+02
1.144647408985350268e+01
-5.354924524816181020e+01
1.868578341139922827e+02
1.929153072610354798e+02
1.437977422493084418e+02
-7.489451973199720669e+01
-1.051056183581575567e+02
-1.842386963180379666e+02
5.009736106823521027e+02
6.464706782018552076e+02
3.197654491158968426e+02
6.798624618922858645e+02
1.859357430523052415e+02
5.321686519722460389e+02
-1.225827527016633098e+02
-1.218168366365188575e+02
2.522946627607371397e+02
6.775017667187919415e+02
2.950274926029600238e+02
3.405592443658854762e+01
4.932651374172845067e+02
1.770146149028875016e+02
2.836952142839142539e+02
2.495564067304300409e+02
3.466770716686290257e+02
-8.816312662699321834e+01
6.202418224794637780e+01
3.165346328573581332e+02
1.831363114975761448e+02
6.209022620529975001e+01
3.084876098497638850e+02
4.395052033283171795e+02
1.289588019719012664e+02
5.339992176299837183e+02
8.442059109453063570e+01
7.229538529104316922e+02
6.076824460395566518e+01
-1.623669734083375715e+02
3.033737503101580160e+02
4.204210900489403002e+02
2.982149728632779215e+02
1.039647255509587183e+02
3.349468761079892261e+02
3.144139197021517589e+02
3.647579362656739477e+02
2.570702402153598882e+02
-2.038576572286959845e+02
3.096717651249458640e+02
3.260999545498483485e+02
4.611051103825001007e+01
-2.345146887793257662e+01
7.282700160216585346e+02
-6.262435042492025872e+01
5.516877731181656372e+02
8.569570037541493548e+02
3.073352856948859539e+02
2.012316840184761588e+02
5.936308648578800558e+02
1.357362432002007040e+02
3.891993633214360102e+02
3.997205182707882045e+02
1.958816284259916074e+02
1.521914826369818456e+02
2.408818061404354012e+02
-3.655675142806711051e+02
6.099338024766593946e+01
1.245174518066175011e+02
-9.301612834754104142e+01
-2.509161700443646907e+02
3.324899872296313106e+02
8.967194508710903165e+02
5.361090324867631125e+02
9.463881716505655106e+01
4.950748502220473029e+02
7.120364706460292155e+02
2.849914063691402788e+01
3.396210188810474051e+02
5.465899706092464783e+00
5.466065787187924343e+02
-1.836101420737056173e+02
1.115708242076655949e+02
2.334699817960408836e+02
4.613788835269378978e+02
1.105933836641966309e+03
-6.474817756764950616e+01
3.198261671095359588e+02
4.008788999718610739e+02
3.066284656360069221e+02
7.538820306011358241e+01
5.014650307566980700e+02
2.629044716421060457e+02
3.184559842391881261e+02
9.795107617183398929e+01
2.041693593734562455e+02
2.047983032775047718e+01
-6.748187043978282418e+01
3.054809184362999872e+02
-2.175232156254250242e+02
1.900422953239849448e+02
3.863546488217434671e+02
6.999648514097060570e+00
5.222500614967871115e+02
3.676489783854172799e+00
1.076812913617299614e+02
-3.594730353834975034e+01
9.009455417163374591e+01
-3.645484261201910954e+02
-1.892656470827602959e+02
3.531821285109029418e+02
1.379820280900041851e+01
5.033234615325548589e+01
3.439530892360015173e+02
-1.707279770489991790e+02
6.172758623805280820e+01
2.253843212227858430e+02
2.318441731257829304e+02
1.718403600908831663e+02
6.779710403827124310e+01
3.438012862191453678e+02
5.051492301901677706e+02
7.564995171971736454e+01
4.451671209733282808e+02
1.740988863487606579e+02
3.450398229963894892e+01
6.187032896574211236e+02
2.895670938507312826e+02
3.798931371100329102e+02
7.304798405565153416e+02
6.650177683318967183e+02
7.595227800618115310e+00
5.235370022606851137e+01
3.486707463063729620e+02
-1.400866957482008957e+02
3.826458592797612255e+02
5.765365006332247049e+02
-2.838935683874529659e+01
-1.129599546785346433e+02
-4.726306546865735925e+00
-8.210419570088618002e+01
3.916648236917692429e+02
-9.673163736949224756e+01
3.873735774807979624e+02
-2.156425691336592649e+02
4.465014678112952424e+02
2.285647141258827730e+02
4.567507168237328301e+02
4.650822413302962843e+01
-1.367548191178498485e+02
-7.224048778858067976e+01
4.208372029940989023e+02
-9.148052785585466040e+01
4.956911095873305726e+02
1.581276298564497154e+02
-2.857720693262788245e+02
4.167269129849232741e+02
1.068154961666599831e+02
-5.562941160276478314e+01
2.840216009118730653e+02
3.021249312293173261e+02
1.981325229973208479e+02
1.495088033406062209e+02
4.941656266148892769e+02
-1.229812943763475204e+02
3.972049037719319813e+02
5.072653999249020274e+01
1.787860753570732015e+02
-2.747018237797918800e+02
3.849250135355882776e+02
3.375928923574948612e+02
3.948027999403334576e+01
2.268379340452767110e+02
3.281517755490927470e+02
3.272464232723468740e+02
7.780093614758112608e+01
6.021259399169505286e+02
-1.213419806629870550e+02
4.655614450274725300e+02
6.917990012197452643e+01
3.740691465557397350e+02
5.241140741777198286e+01
6.708625902204809108e+02
-3.530707526200844768e+02
6.144025369950659297e+02
-7.578876470749047201e+01
-5.893685903529618031e+01
-2.299398952384677841e+01
-9.249841456024269348e+01
7.731288846683969496e+02
4.595751905310219740e+02
-1.493311705634066584e+02
-1.759811175732438642e+02
4.204863092214589528e+02
2.414989685795194418e+02
6.149956346313003053e+01
1.189000505766403251e+02
6.606525774803097875e+02
1.819543459957730818e+02
1.910089276970022070e+02
5.284415253115790847e+02
-1.904232798587631805e+02
3.552351316668840013e+02
-1.328120861172363618e+02
4.230497960970420763e+02
2.055127893700123991e+02
-2.842155966207061013e+01
1.219884177417218041e+02
1.233553692818618543e+02
3.379055491766189334e+02
-1.295906833492016403e+02
-2.563361502366856826e+02
4.511525429077136096e+02
5.528993012876550210e+02
3.961865757196910067e+02
-5.638868962419198283e+01
3.517452376446533435e+01
1.574385007922361979e+01
1.037691423553929724e+02
1.147089590887094914e+02
4.114415599195132813e+02
4.958472758721659375e+02
2.776386502719404348e+02
6.307306565801334273e+02
2.099254502197382806e+02
2.401468605524570705e+02
3.242130270568765695e+02
6.022811214860503242e+02
-3.294648153074018637e+02
6.470299332773905689e+02
2.403963983491852048e+02
2.195347432721289636e+02
-8.717800816692555088e+01
5.979133212480334123e+02
3.009009459361937502e+02
4.502822426267136962e+02
8.109697181278676226e+01
5.911035329938505356e+02
6.320104366477434041e+02
1.686573016620279475e+02
1.759153461282197668e+02
-1.065477200976331744e+02
-1.335997147974912878e+02
1.106053202308926728e+02
8.074594605976669754e+02
4.505173317761777412e+02
-5.813923405489393303e+01
1.812184775468357429e+02
-2.538718831302115575e+01
3.955154336682464304e+02
3.975036899375005532e+02
-3.542747669653701905e+02
8.688718716069397487e+02
-2.188488000219963965e+02
2.162223774397092058e+01
1.484224007504795395e+02
3.661151320893409888e+02
2.920075423000193950e+02
4.725343109146870120e+02
1.470926465587254484e+00
4.123549436462969879e+02
2.138043154382050659e+02
2.752061746913232696e+02
1.055179944422553945e+03
6.628745381030212513e+01
7.037915120008877068e+01
8.314763592587758012e+01
-4.301049448712491596e+01
7.397878186196566048e+02
-1.361568664826297379e+02
6.891483056631432191e+02
5.623300793289633930e+02
3.341631052511551729e+02
-1.537104818796998984e+01
1.941687643994390271e+02
-1.161050638547792175e+02
4.136465728026790885e+02
3.338344635230706672e+02
1.019229611776731588e+02
4.169124955857068358e+02
-7.587096061525238611e+01
2.710854564105216014e+02
-2.614561746125021955e+02
3.364451507988549679e+02
-2.980216169591443531e+02
-1.641514234369591634e+02
3.977589901165922583e+02
8.501733046741655642e+01
1.021936612885165090e+02
9.512094056596112068e+02
-1.176655108228701963e+01
2.095234704002585318e+02
3.223672824615344439e+02
-1.685955278618823456e+02
4.016933073247384414e+02
1.591559402378390757e+02
7.699296681934752087e+02
1.790596088693218633e+02
2.280182295478726360e+02
5.953988146010442506e+02
-5.831748005658504042e+01
4.969073515376020396e+02
3.741030192799155429e+02
5.046312366339311097e+02
1.020582356051215243e+02
5.338407835511737858e+02
4.369040463029658383e+01
-3.406453524908909003e+01
2.639297735060496279e+02
3.093863966376142116e+02
-1.116528285132532687e+02
-1.015746339680546555e+02
2.486562048538125396e+02
2.220601408276112352e+02
2.899718555227822208e+02
4.144707219824129538e+02
5.116916796850902642e+02
2.477199911729281894e+02
7.190460245921458409e+02
2.361771393459850970e+02
2.232785633871103528e+02
-1.504121346910532111e+02
3.929278819274389321e+02
-1.890897984824750893e+02
5.632020107084329652e+01
1.780955143614073108e+02
9.060997737115449127e+02
-7.797021944602934695e+01
1.009917486049227477e+03
4.597474575041405842e+02
4.781495625166082277e+02
4.825173260836123177e+02
-1.567425211078340226e+02
-1.123186683828742787e+02
1.385914314911256042e+02
3.829503825671819186e+02
2.698866833356503889e+02
-1.756132277389952492e+02
3.960328601861011748e+02
3.520309134375304438e+02
-1.427920707649654446e+02
-2.262856445122023956e+02
2.679754548492884680e+01
3.011214082002380792e+02
-7.024663271666247510e+01
3.340228905146863099e+02
1.376218713513576688e+02
-7.659931295089880621e+01
1.237971563273467410e+02
2.224758198208806448e+02
-5.213441932379510035e+00
2.018042189334502439e+02
2.328800520456968002e+02
-2.441201276212380478e+01
-6.996122097837850617e+01
2.557919536450128817e+02
1.961657485836520323e+02
1.997836343084210569e+02
1.929034870985562691e+02
1.804224592123398168e+02
1.602895641305416916e+02
3.874522035655459717e+00
1.701639513776740955e+02
6.013560957909807030e+02
-1.678940893473475455e+02
-8.548476500727184657e+01
1.946184752371227944e+02
4.126799799190405338e+02
1.573025548886483875e+02
2.497147893940371830e+02
4.452769350828394579e+01
1.102653009411867515e+02
9.807045550456042093e+00
3.597959584054589754e+02
1.395105734472165295e+02
2.330949858280616525e+02
-1.864731414114435779e+02
3.685460339656360702e+02
-2.282384664376922387e+02
1.645070006133464062e+02
3.426857122212463764e+02
3.120485205082439961e+02
5.267092043149485647e+01
1.154164247327196193e+02
2.247996522240644595e+02
5.919183842132208611e+02
4.955957420352715417e+02
2.237278914109709262e+02
2.353000043431483164e+02
1.362777971820437699e+02
6.466053289670491040e+02
5.096405933256367859e+01
1.210004915590137244e+02
4.829017080355324651e+02
1.842425965922594173e+02
1.683332098501051348e+02
2.029294825699660123e+02
2.938401652201087586e+02
-6.015562455816809262e+00
-2.509346402986645899e+02
1.043730627913915754e+02
-1.402778441975724277e+01
4.686539534157548132e+02
2.908893355007945658e+01
-1.997300520474261702e+02
-2.134813110713775473e+02
3.852555283994254864e+02
-5.162847596982376075e+01
2.028333942162249457e+02
3.570444906924265069e+02
2.552952104471484347e+02
5.255384360378427573e+02
3.467485562207011185e+02
-1.426242383636718216e+02
-3.790794632134193876e+01
3.379933507246413456e+02
-2.663028456396426691e+02
1.007670082030721090e+02
-1.734549090509086966e+02
-2.967821543461852798e+02
7.291157177938322320e+02
-8.818208728600704660e+01
2.367767072750377793e+02
2.813372528157056536e+02
3.712368382781874629e+02
8.009449894486195376e+00
2.246635989219672638e+02
6.450424756795669055e+02
-1.429575578671762344e+02
3.846230143256125302e+02
1.800124038199504355e+02
1.463017277516829608e+02
5.553756070471312114e+02
-3.866582047745031048e+01
-3.247038042898905275e+01
-1.853247687657627694e+02
-2.025249680880746084e+01
-4.476696573511338215e+02
5.002850206744008119e+02
-2.831888653193111054e+02
-1.248562044281775627e+02
1.020374139667461577e+02
4.112244905538622675e+02
-1.780670231948137712e+02
9.320610998549540227e+01
1.621035920264486663e+02
-2.457255661017802026e+02
-5.206431640339691569e+01
2.872058219740542313e+02
1.219734351949780944e+02
3.052877052778286497e+02
1.213148852283297572e+02
3.226221152366277920e+02
2.999131827700066992e+02
5.368633133446055581e+02
1.067593323958234919e+02
8.042196060427365865e+02
1.412758871393462101e+01
5.814666789607638009e+01
3.863095070512759435e+02
-1.803855953473642728e+02
-1.426290752487697233e+01
3.773985129872639845e+02
4.013160991504987010e+02
2.688100506236183946e+02
5.005405108971958725e+02
2.930292232672136947e+02
3.228787028269514536e+01
-2.303693617039800472e+02
2.848193919900607511e+02
1.612419397838667408e+02
6.571051524818044243e+01
1.342737066157092727e+02
4.647548135891503307e+01
3.330522255114199197e+02
1.489999280963809269e+02
4.985489538016291817e+02
3.245731826993063009e+02
-1.835746482202512198e+02
5.973112567543603291e+02
4.338648592203019234e+02
5.476763399576564098e+02
4.851444527788529513e+02
5.107686973869747504e+01
2.612181201526562404e+02
7.237793411603267941e+02
4.404258447484089061e+02
-5.044073747482759984e+01
1.474337500316452633e+03
-4.325195197589722085e+01
3.075759535927491584e+02
2.800011933850469177e+02
2.584371619666385413e+02
6.137004939142620685e+01
3.151124171267740053e+02
1.102420085963958059e+02
-1.967511471534710097e+02
1.072682365001456049e+02
4.503627315702012766e+02
6.857042681354181468e+01
1.369257707986248818e+02
9.111153670091836148e+02
5.984707155601803663e+01
2.402536090339965540e+02
-1.981802280552432762e+02
-4.042256476420253080e+02
-1.833378323458273087e+02
-4.231265619105889186e+01
-3.404930509487669354e+01
1.473996049438066223e+02
3.513677919203790907e+02
-1.578359629501614450e+02
-1.354089891914305781e+02
7.256439618162285115e+02
1.183237664031664451e+02
3.618220211655760750e+02
5.001941782599170239e+01
2.858856042673949673e+02
6.927659487685973545e+02
-1.492158356502073673e+02
1.714089799343459504e+02
-1.721415362385783965e+00
4.465546906136181633e+02
3.127986979449200362e+02
2.131706596332404899e+02
3.416590945938129380e+02
9.794284474348756930e+01
-2.138849786970241666e+02
2.582484648360324968e+02
5.902649135355285352e+02
1.625343593985809036e+02
1.339094988954950622e+02
7.843540144095914002e+01
3.471845809603468069e+02
-3.173950511472298786e+02
4.009208031735893201e+02
6.696809395313504183e+02
1.334135738894302108e+02
4.299281853563562663e+02
-1.695633096752762725e+01
3.510150585359840534e+02
6.334047066702463553e+02
5.854167540458665826e+02
-1.315372079945510961e+02
5.202499147366171428e+02
3.558362349206428235e+02
5.128340754787834044e+01
6.851598488535936440e+02
3.169849489152709339e+02
7.913205855145462237e+02
-2.699120983856409453e+02
7.284498422848300834e+02
3.558178011540115904e+02
4.218193580455854885e+02
1.138574982328352689e+02
6.348210791817901963e+02
-2.814003790834675200e+01
-3.858563315055455689e+00
1.209100289872588974e+02
1.940093634710926267e+02
3.756177875444579399e+02
2.950855871197405236e+02
6.295028163445755354e+02
-8.043821420759050511e+01
4.510652448269995318e+01
2.073281853169403917e+02
2.417177731186229437e+02
3.898299280532319813e+02
1.060829183211760522e+02
2.438639773865173765e+02
-9.123842630201007609e+00
1.506923710079359751e+02
1.817171878475096491e+02
-1.298073875325507913e+02
1.130629331910385815e+02
4.388737051032603631e+02
-6.299779133569059013e+02
2.243485798246688603e+02
8.572375948398539549e+02
2.667970023252406619e+01
3.244254970879064217e+02
4.352581303260636219e+02
4.010883199176863627e+02
-9.753593329461160977e+00
-7.830185585550182736e+01
-2.045669952499859221e+02
6.940847569328352051e+01
5.178706816649232678e+02
8.038940102029811214e+02
8.660850978048927118e+02
1.421388929955544143e+02
2.688446270582869033e+02
6.362294051488672721e+02
2.967618769354325536e+02
5.908018950648312284e+00
1.101855845345987177e+02
2.270811471705397935e+02
7.562788541330364751e+02
-2.407195321786757631e+02
-1.850778603149209403e+02
6.202093920003527217e+01
-3.637668759846538933e+02
1.940641195937088810e+02
-5.633505189171656866e+02
4.122737575700689945e+02
1.810239858656939589e+02
1.462690804233259101e+01
2.954818911952183385e+02
4.107965544896970300e+02
5.289744912233333025e+02
2.990364458595762471e+02
1.044855280955780188e+02
3.461074684357571130e+01
1.822152645494697083e+02
5.807662741649929785e+02
1.468673185010910629e+02
-1.520290951770084007e+02
4.355750618387800728e+02
5.701171450269728211e+02
2.778124754743755602e+02
6.297537039759214395e+02
9.032910049273360187e+01
1.638212057102221593e+02
6.780366861732213124e+01
9.119512545743450005e+01
-7.170859721538766962e+01
3.325032720695137982e+02
1.211954132329794902e+02
2.811632206902516984e+01
4.656596131057137313e+02
-1.402706828137584125e+02
3.231932045752005251e+02
3.817021134779095632e+02
5.613821284665281155e+02
1.860345616757427081e+02
2.223830097389338505e+02
5.663445890143386805e+02
3.955255318870231349e+02
9.698925543142735251e+01
-7.509225105020621527e+01
4.030054829098612572e+02
-2.432620059373733454e+02
6.263988261062163474e+02
2.229795864396845104e+02
1.938318764090199409e+02
-2.714422564321189384e+02
2.572699824939605833e+02
3.201273942907586729e+02
2.611097907215490750e+02
-1.589070683651461025e+02
6.484181394084620820e+01
-3.119635691416629797e+01
2.834618507842391182e+02
3.229517474279290923e+02
6.398700594465093445e+02
3.215098885963003994e+01
-1.918822141861152488e+02
-2.472190465830609583e+02
1.865764779949653018e+01
8.510193611096744917e+02
6.865280686466010707e+01
4.890331527154462492e+02
6.297794129446604074e+02
7.259236030306824432e+02
5.910669436951750413e+02
4.711122040772609694e+02
2.782251664471609942e+01
1.839479504174588342e+01
3.237663583409395756e+02
8.061078954546289310e+00
1.661408040779901683e+02
1.807089768089894903e+02
4.993998612273027504e+01
-1.910048851925727149e+02
-5.744127352272100495e+01
3.366146563210509157e+02
3.422828702065888251e+02
3.925364708507578939e+02
1.439339659875562063e+02
1.818387660852822307e+01
-5.275343446297556227e+01
2.701286800757972628e+02
1.167641768803221680e+00
8.587016580673091539e+02
5.181729356320362001e+01
-7.727414121571490568e+01
1.342928809988817420e+02
1.113188147529969569e+02
3.508834376066640175e+02
2.187427285965269448e+02
1.175562983820600138e+01
3.222922826335815785e+02
8.493837256174776940e+01
3.120457989177239142e+02
1.838153763606903794e+02
3.518802985488962349e+02
-2.113752492008451611e+01
3.275732421946664772e+02
7.764387351387262015e+02
6.003477244469972902e+02
4.833062310722241932e+02
3.498141667179213528e+02
-2.317880208792602303e+01
4.158622355960194739e+01
4.277094947326801275e+02
2.300263121530066144e+02
7.330354852408500221e+01
4.326959769525790307e+02
1.018368528785355693e+03
-5.620287136774793453e+02
3.630874379496393090e+02
1.595233978397946828e+02
-1.024958773834372892e+02
5.309786918544119771e+02
1.580676281898069533e+02
3.338252271475898851e+02
2.978716145456111235e+02
-1.594852198434114712e+02
6.457854556774983621e+02
4.915758649865258576e+02
2.742892110374662025e+02
7.591612044507826340e+01
-6.434892479380164332e+01
3.518588169466070781e+02
6.693059450327101558e+02
1.439834839981695325e+02
5.490983677326518091e+02
1.209683361591150401e+02
4.010261958555291244e+02
5.408320281895104245e+02
3.348617476912480129e+02
6.629080514544668858e+02
1.014744023802960271e+02
3.071831813684596000e+02
2.454456249322990402e+02
3.647288608930313103e+02
9.089754324622182367e+02
2.034841138006986512e+02
1.737960966255004394e+02
8.698325360203476748e+02
1.232109286159576271e+02
-3.662432459584050548e+01
1.288991772623535326e+02
3.550274331439315745e+01
-4.753720292810185128e+02
2.521233070922799868e+02
-2.767853810762200624e+02
5.330973917087742109e+01
-1.960711439411121404e+01
7.300770998558732572e+01
5.252444085133574845e+02
4.736138555242792449e+02
-2.896006318996907112e+02
2.710180934140900604e+02
1.374662539585521870e+02
1.457655400203971965e+02
-4.787255502104407014e+02
-1.160190834389621983e+02
-7.785020313858461805e+01
1.777069610507719943e+00
2.225984134446159146e+02
5.685273088044735914e+02
4.665947784283661690e+02
5.310034484239220092e+02
3.079174785011509812e+02
6.246808774226614105e+02
-1.146717124227702840e+02
6.934442242781548202e+02
-3.045965592542883655e+02
3.557234406528212958e+02
4.735462728785570334e+02
2.931149888377482853e+02
1.868580099293821490e+02
3.352257939690869648e+02
1.044747611507082468e+02
2.482236749067693040e+02
-2.875289707395443983e+01
2.434385844973194253e+02
9.178865448631700019e+01
4.602102736648842551e+02
4.951869471794467472e+02
-7.333181141224150679e+01
1.225061795883486724e+02
4.370964260135626773e+02
9.208994508013230984e+01
2.561094181038057513e+02
1.885169380333726963e+02
-1.631368100985968397e+02
4.383778926169501915e+02
4.012575428088504168e+02
6.227393164905659262e+01
-1.791317687363638527e+02
-5.242997688392304667e+01
7.352470014674820504e+02
5.028336234788008596e+01
4.877795892095789441e+02
-1.328253838127947688e+02
7.454537014390044192e+01
4.186817541062587225e+02
-1.150643066371807635e+02
3.179875099896225379e+02
1.279769758040256278e+02
2.082042130349054219e+02
2.939497254123995518e+01
4.219496750727883523e+02
2.481229744887365314e+02
2.815008179479544310e+02
-2.337577381659566242e+02
6.332399049918714127e+02
1.957908477553995965e+02
-8.208729759106464030e+01
-8.193079020003429491e+01
-3.587947124101827967e+02
1.006619220358267341e+02
2.494282195484276770e+02
3.239044704339578971e+02
2.554545749266439429e+02
4.432930059080027263e+02
3.014029857872088201e+02
3.927403120776530727e+02
9.431446177513075781e+02
