-8.258498053490515076e+02
2.584730743244714972e+02
1.434839009587449254e+02
4.559054259885014062e+02
4.956516974215778646e+02
3.086560065422140156e+02
1.375783834112335668e+01
1.129991979568030501e+03
3.496736012257910033e+02
2.066302664022654199e+02
-1.921773945877450274e+02
7.563573563552581618e+02
-1.496991935643678318e+01
1.738128496705035957e+02
2.000116802343678160e+02
3.757266977931292899e+02
3.154790776087262998e+02
-5.818395868967502338e+01
1.837347759277828345e+02
3.288203527059948215e+02
9.574145930556617259e+02
3.615719252617921029e+02
5.019699204001780686e+02
-1.087065545415098455e+02
1.581215674615028490e+02
5.496638910522729304e+01
-1.893426682864084682e+02
-1.163751664375180326e+02
3.064901775014133136e+02
-1.356071671972547392e+02
8.446566767993962230e+02
-7.280238876710551921e+00
1.283196095086890978e+02
1.731245013732389850e+02
1.055905089360215698e+03
-4.530061652193630835e+02
2.462334207720562915e+02
3.527120068848543610e+01
2.620608679766826867e+02
-5.185312146781557203e+02
1.156884080412874312e+02
-4.886759793778403491e+02
-6.739956310514941151e+00
1.222566092689950665e+03
-4.116439200011229360e+01
-3.091163275133606447e+01
2.976439776080932234e+02
3.015304700732670540e+02
1.349636513906374091e+02
1.854141456054134665e+02
1.022469182023559711e+02
1.276587502659454287e+02
1.311607430463993751e+02
2.547902509810857623e+02
2.682186404474464894e+02
-1.654366846727530174e+02
1.977878389678476481e+02
3.525306369284230641e+02
3.348528700176720463e+02
-4.194070987338600389e+02
9.704545770544531251e+02
5.452092472977897160e+02
1.916513025805295456e+02
4.689808290050575010e+02
-9.305381594377169563e+01
1.509234238075406722e+02
7.356599934648612589e+02
-1.957553982054998301e+02
4.189030809359368277e+02
4.753107162302666779e+02
3.055138764862466587e+02
3.860857088900407916e+02
1.250105385932013178e+02
-1.316608864259203315e+01
1.329695732988555619e+03
2.451040173788967422e+02
2.258346040139379056e+02
-2.796056914890451708e+02
6.314203756863566923e+02
4.880835976661154518e+02
5.117801546105476262e+01
-3.435477698990367657e+01
2.468574682023393052e+02
3.299092627241942068e+02
-8.702725398484969332e+01
-3.216089939202565233e+02
-1.669156162344521022e+01
3.983002595924453999e+02
-6.806406278292504908e+01
1.205177922805869912e+03
3.290593649591539815e+02
2.029510140790910384e+02
3.325617588916458089e+02
4.889705664144714206e+02
1.179820239039778329e+01
1.737816514033902493e+01
2.869289909532776619e+02
4.608298820075425510e+02
4.393414397537362106e+02
7.433262789099146062e+00
5.658415980252560473e+01
-3.301381152475950671e+02
4.838370302807891221e+01
1.858714510399603057e+02
5.221761505655616702e+02
9.212881846445504834e+02
1.410677960425222182e+02
6.754339881160771597e+01
4.759011150520136368e+01
1.298641995552333412e+02
3.221590721656698975e+02
-1.425481123428286310e+02
1.415127354792999981e+01
1.841067334433977578e+02
5.824819657767174022e+02
6.247433833779703605e+01
3.481081552916709398e+01
2.812987396357950729e+02
1.196622604410811306e+02
-5.995869403640867858e+02
-1.532633694323989744e+02
-5.561871983460332558e+01
6.839511590900057172e+02
-2.024278569439005082e+02
8.062417833832988379e+01
7.181850298165380764e+02
-2.749260907154294955e+02
6.362954763716678031e+01
4.071327452269389369e+02
1.972110195910654511e+02
1.035254900406112711e+03
5.155453764243234218e+02
3.741391003947321110e+02
4.970418745934863409e+02
-4.644654433775901481e+00
2.428069686243957221e+02
1.023775941226854457e+03
-1.779233494202888011e+00
7.710578836233646598e+02
4.310213067627260557e+02
1.578029111202959029e+02
1.312492176226328979e+02
1.104385727722578139e+02
1.328045590823303655e+03
7.698308531579450573e+02
-4.173762838673723081e+02
-3.589314184122990241e+02
6.803429610133654251e+02
-3.235930587944782246e+02
-7.311571130968145837e+01
3.877401924040081553e+02
1.262983859579633474e+02
8.381347543326638743e+02
7.683218465751269832e+01
-9.657866090270937320e+01
2.655775559039719838e+02
-1.412690153564223579e+02
4.069033294610296139e+02
4.667296954630671735e+02
5.927702567056187490e+02
3.551236880954946855e+02
-5.470650929665590212e+01
4.763203081960091936e+02
2.449545906418163099e+02
6.212379325101518361e+02
-1.302689514911869395e+01
-2.600045032166509600e+02
3.278884925156719987e+02
-2.534229964973533811e+02
-4.745020035608673936e+01
7.318317514404810709e+02
3.055622802629773105e+02
5.186215235422491787e+02
2.690676866265851572e+02
1.744022936609903809e+02
-1.777998362334786293e+02
3.964175621447408844e+02
-2.141186342970688656e+02
-2.516544937849774328e+02
7.993542281717386686e+02
-1.327694268392909862e+02
4.207650706153470423e+02
-8.167407461752617337e+00
4.643675138350379825e+02
7.879977760949172989e+02
3.187540028902430436e+02
5.798585193426146134e+02
4.201200492425575703e+02
4.836152153223152936e+02
4.875159449050068474e+02
1.645534754469995278e+02
8.258516307694508214e+02
1.799125863085920400e+02
5.590111421036498314e+02
9.703839149274599549e+02
3.292415211119782725e+02
3.655632611569271262e+02
-4.729657029121975143e+01
1.522983765220656380e+02
-5.387690078229726254e+01
-7.101243128227935131e+00
5.354241251241357702e+01
-2.591943226065451995e+02
6.226265388003070029e+02
-3.545059513978865766e+02
6.237927723072297113e+02
3.108546934716177361e+02
2.049940814559331102e+03
5.727626323711799614e+02
8.057041094124460869e+02
2.890624691752797730e+02
3.281154773160722016e+02
1.917114447699570690e+02
8.448076215155297177e+02
3.114613045092044672e+02
1.791885391800985587e+02
2.137539103670119687e+02
1.013324561035052511e+02
-1.116274968833698722e+02
6.406189428106188188e+02
2.643095249326754583e+02
4.106941855093760410e+02
5.445687237631408379e+02
-2.042481164141117631e+02
4.389550043467737623e+02
2.237815863335359978e+00
-5.335032673122634606e+02
-4.435128846074680951e+02
6.403341206192834534e+02
3.487127970384628384e+02
-1.122914630408056524e+02
-7.480564188066495035e+00
8.946027799833686913e+02
-1.054091343688470204e+02
5.068060066707650435e+02
3.773099019686724773e+02
2.476415725046759633e+02
1.705479929855093246e+02
3.186443125273923442e+02
-5.010234831424718038e+01
1.946214597621603559e+02
1.827394619609906101e+02
1.001085085718709422e+02
-1.419981211193607464e+02
1.044737844339148864e+02
-8.457983903045652596e+01
1.328772147334908311e+02
8.735377813378521523e+02
7.215184456550242658e+02
3.851546257151078407e+02
-1.162989389721522713e+02
8.743167622178496003e+02
1.167560570108591094e+02
4.772537018014801333e+02
1.768008587974312888e+02
4.986275237645189122e+02
-1.148051736173287907e+02
1.491710913394364525e+03
3.149752517318442528e+02
7.928530173700598880e+02
3.216306606932863588e+02
6.454661754749963620e+02
7.840950451232752982e+01
4.844616987931714789e+02
5.864763406911778247e+02
4.632470224059942439e+02
3.966642062615473492e+02
5.998814589771425290e+02
3.566939177920176576e+02
-2.705097649278581002e+02
3.589699301385564354e+02
-6.844401298534548914e+02
4.393607395084731593e+02
2.828479504214861322e+02
1.318829687780499853e+02
7.829879836297741349e+02
3.484670641901839758e+02
4.682537029344850339e+02
4.894359519924409483e+02
-6.294519115694212985e+01
2.775822559816796229e+02
5.209818458076852039e+02
9.151278366151260002e+00
2.557504136587801611e+02
4.159743186169939690e+02
-2.508716128680863449e+02
3.168605417455893871e+02
8.305498443638406343e+02
5.253243554216364828e+02
9.509291418232720616e+01
6.763099244272449369e+02
-3.436604046932112766e+01
1.900621873599417029e+02
8.841929220042763973e+02
5.007586237385007735e+02
9.030850543091452209e+02
4.617456717303002733e+02
1.039167068445694667e+03
6.649414016823416205e+02
3.134773139935481368e+02
1.212167594047020458e+01
9.919331301673474854e+02
1.140262616068298769e+02
2.305093492554073578e+02
-1.443070090019129168e+02
3.478334077340207386e+02
4.767437522759665285e+02
1.912256525167371137e+02
1.183524089387943548e+02
2.011289008260979188e+02
4.306858076543730363e+02
4.920440586825613991e+02
1.277755345730075192e+02
4.672608864574391419e+02
1.714188902861098143e+02
1.212553219775184488e+02
3.808143973151263140e+02
1.426698114654407163e+02
-2.978394684518458746e+01
6.819017352667802925e+02
2.404048147622513056e+02
2.082378107964470360e+02
4.545446270174227266e+02
-5.011209277083370353e+02
2.517638985837584755e+02
5.478454972065655966e+02
5.665513222381050440e+01
6.433780132693565292e+02
2.837135739918781496e+02
1.713043294919170876e+02
7.793150351310398491e+02
4.717326768257815957e+02
5.020899461323508604e+02
6.753504253197831986e+02
3.997891494740474059e+02
2.176973882039463959e+01
3.025268958851518732e+02
1.967870456511890893e+02
5.025388750116891288e+02
4.311985493234490718e+01
2.880170713223720895e+02
-4.996493328268290668e+01
1.367400482500035821e+02
-5.516989027022702885e+01
-2.149312968002216166e+02
4.627819041042871504e+02
3.183402167841965706e+02
-2.027182671574460073e+02
7.620157979242617330e+02
1.223985014410072125e+02
5.054994625924659886e+02
2.412169504177097110e+02
2.263457974598523208e+02
1.676856409997890012e+02
-3.670105113169515221e+02
-1.380798523715237422e+02
3.971062456482303560e+02
8.134423139428329250e+02
1.710472414234633902e+02
1.992091633977960328e+02
3.329816648153617962e+02
2.059987141758413998e+02
8.900459548729609196e+02
-2.197634916086631733e+02
3.510556885303050763e+02
8.385194850127439281e+01
2.656859697491800603e+02
7.221462305887439470e+01
-2.310174429346952252e+02
5.396863836788960498e+02
1.076693112499683139e+03
3.366520970799986685e+02
3.038646770352637816e+01
1.034017673774403079e+02
8.349349848560648013e+01
1.715075700092597231e+02
8.644988638938148142e+02
5.677175702771652368e+02
5.242484751345742211e+01
3.333397500721153506e+01
1.280059977871340493e+02
3.132378387066478709e+01
1.786594848509953977e+02
2.233533853947159287e+01
2.277440727928406830e+02
3.494001075376004906e+02
1.729182094801495168e+03
2.135188292037440760e+02
-1.705658095095439251e+02
4.057062211420931135e+02
4.874043661084071744e+01
-1.173995782587413998e+02
5.821145396716509595e+02
9.288356112619669602e+01
2.905610849055457479e+01
-1.194766196557152398e+02
1.202997663141396060e+03
4.893380775729348784e+02
1.176585652885766251e+02
3.478446221938568783e+02
6.400600028125199970e+01
8.444909113469852002e+01
-1.309146751393088834e+02
9.634230859323658933e+02
2.540759170769583974e+01
7.857706958134396302e+01
5.083095272004202911e+02
7.839239284383992867e+00
7.050108134463820306e+02
-7.845984758760377531e+01
4.795029926674466481e+01
1.905193370561721053e+02
5.047069400185225732e+02
2.512590718159300138e+02
6.691087417472697325e+02
8.267440118445157395e+02
-3.030642494697273150e+02
-1.960201099268561720e+01
9.431505120301392253e+02
2.195024038798835875e+02
3.739863136617324244e+02
6.075305504296018171e+02
1.533834627155873420e+02
4.494404831501627200e+02
8.870955993802763260e+02
3.766321283618472648e+02
9.312253665432314165e+01
-4.571619866051503891e+02
5.331043606592763808e+02
-7.792758926209148740e+01
1.346989852561984549e+02
-9.812553747509566904e+01
6.891849040968352824e+01
9.054013356710917151e+02
-3.868058961678904950e+01
8.919345575691847898e+02
5.596508330402639331e+02
8.062521720202273627e+02
-3.217898812065185439e+02
-4.011887885728172876e+01
1.048762962535109409e+03
2.856033692815757945e+02
3.750599873504565949e+02
6.588316491176022964e+02
7.215605633526937481e+02
-1.434303836380451003e+02
8.452619359969785364e+02
1.386954329831568771e+02
6.735878881008559915e+01
6.940099042402727036e+01
6.182321417513020378e+02
1.594021717422282052e+02
-2.557889477312223789e+02
8.142287526658719798e+01
7.008714298757190591e+02
3.789970651998298194e+02
4.470124210153869626e+02
-1.935836766571914325e+02
-2.578312258955275382e+01
1.002399326984529694e+03
4.216066266738017703e+02
1.918961921496458842e+02
6.965643572084721882e+02
6.745002336779175494e+02
2.218184301346649363e+02
-7.340280928045207531e+01
5.808136555253524591e+01
3.775142855222471781e+02
-7.080631704837395546e+01
-1.975332406619644985e+02
1.370018403234951876e+01
2.584635413348811639e+01
2.366450483032599550e+02
-2.831141686953458816e+02
2.364087119029071289e+02
8.986743155567688746e+02
4.752842078257980063e+01
2.949078776602758012e+02
4.172559132106590596e+02
6.309052428681196716e+02
8.143458182975001591e+02
-1.115891310331976740e+02
3.734577683656556246e+02
1.402676552416055245e+02
9.790918448491606796e+02
-1.409380871909380630e+02
2.819306293736198086e+02
1.892318215052525829e+02
1.893430235937602220e+02
-8.674780958198158487e+01
6.456777558169103486e+02
1.122530205601515490e+03
3.810553017675183582e+02
2.519831691001355622e+01
1.681830091655857018e+02
5.254365440167920269e+02
3.091384023687549529e+02
1.939246203404532025e+02
3.888153749437506690e+02
-5.335355596562912694e+00
4.045434703882164058e+02
4.570988709517895359e+02
4.534249818272202219e+02
4.082888874852006893e+02
4.323102457454153296e+02
2.134211171755623582e+02
1.107693294480697688e+01
2.500501742696911549e+02
-1.282088602033439884e+02
-4.129552025375862740e+02
5.666929818453082817e+02
3.076397052762863495e+02
3.180413226598458323e+02
2.925239284329235261e+02
7.773089609759171026e+01
-3.417771223173175485e+02
6.164662380550011278e+01
1.787646231748311365e+01
7.466636804707300712e+01
6.177679791618500360e+01
1.061382418986332539e+02
-1.246502375795893158e+02
6.791768075221567642e+02
2.442274489104388238e+02
2.538102458325308817e+02
1.804734948046837530e+02
1.910623229379422128e+02
4.558899075276328858e+02
1.568069390861694501e+02
2.336954527597274307e+02
4.155087743775545732e+02
3.996054086062837882e+02
-1.046207157345992869e+02
-1.921143213527630849e+02
-3.582084268158554323e+02
-1.823759869080279259e+02
5.267889622809310595e+02
6.691427921077394103e+02
2.565557797390035262e+02
5.944383090828318927e+02
4.406545068683068962e+02
1.143178016274428188e+02
3.330764633428408672e+01
3.581404436058077749e+02
5.228627496859975565e+01
2.961049935280510681e+02
-7.957041937283938182e+01
1.094385546112235232e+02
7.589658710996178570e+01
4.858511210169414198e+02
4.132463455463812920e+02
5.357802321182817877e+02
2.341665213285645279e+02
6.378057737880205877e+02
-4.622286282255616356e+02
2.688651648298887267e+02
2.754064385618895017e+02
9.081019136181753311e+02
5.574129328177128855e+02
-1.843452415026934830e+02
3.910372472806131441e+02
2.260558672936144831e+02
1.621132935010500375e+02
9.094858431437407944e+02
1.332465900780322045e+03
5.675771978413875019e+01
1.135334726482168719e+02
-2.547479946372828508e+01
1.695250509747955334e+02
7.393967688278394235e+01
3.805511893381321329e+02
3.838309831865300907e+02
6.411884072641742023e+02
7.002923157291562575e+02
2.238832747244251209e+02
3.393384762843134581e+02
1.065838275947719609e+02
6.653501613184643020e+02
3.601624314098651780e+02
3.334575317391158933e+02
5.882757418749663429e+02
4.987732147281147377e+02
-4.918820352694602889e+02
3.331940135167899371e+02
3.004917829143697077e+02
2.371458484091046870e+00
-5.885537735671962167e+01
3.036699489633319899e+02
4.891570105423539871e+02
7.865023824814777527e+02
1.002122941105879022e+03
7.876136253641708436e+02
3.312045009979319161e+02
1.156276624079290968e+03
-9.018304446102921190e+01
6.023955125553736707e+02
6.789340596175594555e+02
2.268051715473042123e+02
4.067883219709762557e+02
5.748913254117908878e+00
2.350205325200950597e+02
1.999953707949994737e+02
4.773349272603057614e+01
6.663077140885550307e+02
6.929128332658842737e+02
5.205697658196847897e+02
1.218594247623580316e+02
-7.959512636930679719e+01
2.645580917058737214e+02
-2.564303531135423952e+01
4.275525181959599053e+01
3.038240887052734820e+02
1.451539513568979203e+02
2.831215703283594394e+02
5.979442690191851852e+02
6.021005504476838723e+02
2.166946332549919703e+02
4.776204023582779996e+02
-3.909006564818378138e+02
4.261571934440748919e+02
5.788409075592963973e+02
4.999025562097347688e+02
2.376582929713555927e+02
3.146094873377364820e+02
-5.042019662219622944e+01
2.734846151294151468e+02
5.319520515151248219e+02
1.364960919913861517e+02
5.976932364583424260e+02
1.845331574132455046e+02
9.281964257452258380e+02
-1.626862902635359376e+01
2.485553768140667898e+02
6.920630885228076750e+02
9.209118081897855745e+02
4.808966312385223887e+02
9.181084304899209201e+02
1.498880500505509019e+02
2.489110636584384793e+02
1.124367322973370392e+03
2.622937406533862941e+02
7.652550962414883315e+02
1.836240135762163277e+02
-2.538198193073808540e+01
-1.202472237857277548e+02
6.933891646298119440e+02
-9.832367766613671733e+01
3.270663539843089040e+01
4.924512710040609136e+02
7.367347202503852941e+02
-3.710214986916211615e+02
1.179273259458225880e+02
2.576343538407492701e+02
1.407594399090793331e+02
3.327672702229332913e+02
3.399224863867559634e+02
3.542001881516271737e+02
1.955072961893395700e+02
4.491085359452123953e+02
5.636923136552645701e+02
1.903250446766807897e+02
-1.096850349536372704e+02
5.008932397411502961e+02
5.281137527600239991e+02
2.881296619662660987e+02
2.760031205532691274e+02
5.012813525070351517e+01
6.429459055221878998e+02
1.594473031648710730e+02
2.352932452672869772e+02
4.275448660705422981e+02
5.844565917298816657e+02
2.173590046674341352e+02
-2.538376861475503858e+02
-1.757387258604199758e+02
4.803287603915849786e+02
2.641431907896018743e+02
-1.358997244998371912e+02
4.581327734599177575e+02
8.108162612588769491e+01
2.089440921722982694e+02
2.157251674985439820e+02
1.684048748909131064e+02
4.050657054957730452e+02
-5.785427620921074521e+01
4.441511777197559923e+02
1.439766316863057511e+02
6.017487389268346760e+02
-2.750493281929657030e+00
2.467179364843603082e+02
2.576369063246328324e+02
1.030726844860643496e+03
4.542345969756767232e+01
8.570335866342193185e+02
4.934803370974673840e+02
2.967193200557250634e+02
1.385393492028128719e+02
7.345208836840466660e+00
4.760233966854860910e+02
5.121583829154857312e+02
-1.275038141010524839e+02
1.513001760094210340e+03
2.010587087288747199e+01
4.907650145231434635e+02
6.660917993083027113e+02
3.280616704612218655e+02
1.135578729450964602e+03
2.387024915124108304e+02
3.456608879793492974e+02
1.312477118045750899e+02
4.801469204344574564e+02
8.287621628965297305e+02
-1.750997785357534156e+02
4.014805461367710109e+02
1.330032705007384948e+02
2.193248075011033507e+02
2.082125889884713388e+01
5.941050525676656662e+02
2.725033167232015785e+02
2.885132768342094209e+02
4.508060069184204508e+02
4.829005447694742088e+02
-2.768079836354860390e+02
2.495710611800758443e+02
5.204195539079613582e+02
3.396582538947528178e+02
5.304958039686398479e+02
8.111739184486248178e+01
1.366942438427641036e+03
-1.535249338214171075e+02
2.884646229692508541e+02
-1.116959486870382534e+02
1.071152107297914995e+02
-1.629362953591779046e+02
2.290727210467252064e+02
-1.971969216211122671e+02
6.766122031248148687e+02
6.385936816712727477e+02
2.719563818807274629e+02
1.940759167173032438e+02
2.527631219314276336e+02
4.338861065858578172e+02
-1.052925869848517948e+02
5.144369271542618662e+02
6.980497863667130787e+02
9.431520823889911753e-01
7.578281322784774829e+02
-2.935176976948802121e+02
3.276495635852451755e+02
1.247073797767034762e+02
9.917598773585606295e+02
5.943838302926438928e+02
7.457884820066046814e+02
2.166590645040918517e+01
-1.011995080880327436e+01
1.012063708883075321e+02
4.296513448032171709e+02
6.518289212297696622e+02
-2.373327295515942978e+02
2.906719226268970147e+02
5.159239868218379570e+02
5.446592203825036904e+02
1.918736206189021516e+02
2.956597601794677530e+02
4.087312537260709746e+02
2.388734605305548655e+02
7.708464627450594264e+01
2.577491088114171021e+02
4.041427748838719367e+02
4.408860141782963638e+01
4.365092737140115560e+02
2.622398547844505856e+02
4.636306024978085816e+02
1.254027763592875644e+01
-1.874468291162065725e+02
1.659402646878483267e+01
3.568657546176424376e+02
1.662837103062666415e+02
7.672229338855546530e+02
6.168252394287461016e+01
-1.605197244195139206e+02
-8.025630866379735551e+00
8.087246370646637672e+01
2.174076233429304068e+02
2.140118925798354610e+01
2.007017356095460627e+02
-2.620998175193151383e+02
1.006135438590298747e+02
-3.078441680896114008e+01
7.282094708761745494e+01
2.119340499382182088e+02
3.391209460917867204e+02
4.323803624807499659e+02
2.273712617499614623e+02
2.100344694208510532e+01
3.288716463114851649e+02
-8.235065104422346849e+01
6.760828391827288897e+02
4.285607177902380727e+02
4.707678055014673646e+01
1.986826665984605143e+02
4.154336068034295408e+02
2.812134366175861544e+00
-3.722111255812633885e+02
8.335488135138492680e+02
1.040936385807022759e+02
1.938447272154533323e+02
2.756167850317807506e+02
5.030532962156954113e+02
1.647558795856540428e+02
6.144863481443736219e+01
1.770712618783578876e+02
-5.346170521515139029e+01
-5.564526471050919554e+02
7.333395965547650519e+01
-3.228928935355915542e+02
-3.021966670595948017e+02
1.005457438830042065e+02
7.417855957245391210e+02
-2.255610869419344056e+01
-1.577887099969515816e+02
-1.886712878801091904e+02
4.903352207651358867e+02
-1.184554669093426185e+02
6.276225508770332908e+02
5.874787318008311559e+02
-2.519649004417958906e+02
4.762956602331288991e+01
-3.142130080927785798e+02
9.819811358914718085e+02
1.771306601946029105e+02
3.845761965637126423e+02
-5.060239931613444497e+01
7.912528366419332997e+02
5.120446431137792160e+02
4.098499086513801899e+02
-8.120771470405124148e+00
3.554338505385761664e+02
1.112244854906729756e+02
-4.184951740933567521e+01
7.691873562315386152e+02
3.357295188319017711e+02
-1.157221657081171173e+02
4.262710271156661292e+02
5.225004796249335186e+02
5.259444430554732435e+02
3.577983598774123948e+02
6.484063691184163645e+02
1.028981573638616055e+03
-2.663433231792904508e+02
1.149040136422510159e+02
2.665783680952448549e+02
5.010894116583350524e+02
4.478342862101205810e+02
-1.334501934050312855e+02
1.785373414013492095e+02
-3.710090600413100219e+02
5.320399880820101544e+02
2.381879905970407947e+02
8.967696030233010163e+01
7.291154496172470090e+01
3.444050700435990819e+01
7.337487409414229660e+02
-3.437350949541648504e+01
6.474369385229688305e+02
2.653502739038726759e+02
-4.526368871571221320e+01
1.154688497860802343e+01
2.981781969414351465e+02
5.095012748447549598e+02
1.702115603827939481e+02
-3.778842225944445090e+02
-1.489581874817700324e+01
4.933246728138680623e+02
-1.054742287188508953e+02
-5.460802791334751873e+02
3.567225474971474455e+02
2.625951987842044559e+02
2.589944184886081757e+02
1.463859982491715641e+02
9.007338609601043800e+01
1.866330079669038469e+02
6.512106879772878756e+02
-2.984298827628690560e+02
4.563867384877326003e+02
-5.016032907626656367e+01
6.862737356372640534e+02
3.121299268354317746e+02
-9.827855023147694880e+00
1.490688937289392300e+02
2.518973697379160512e+02
1.623618021884849725e+02
2.091655382895389437e+02
2.769385701744907635e+01
1.143412322425741934e+02
4.440989287573121373e+02
2.069396337509591319e+02
-1.189711630800322695e+02
-1.834771094877445421e+02
1.902618319353317986e+02
-3.282327586971265418e+02
2.663636862537110801e+02
1.406523725009253099e+02
2.526701699227791380e+02
1.722220846028716892e+02
6.230084961192437731e+02
1.519873865049538608e+02
-2.612269100034487224e+02
4.823315779660147200e+02
-8.933278746426395855e+01
9.461096899744951827e+01
4.335121295762398290e+02
-5.986322960929444292e+01
-8.767017970307470875e+00
-1.470524217760048771e+02
5.222662021648975497e+02
2.505940115169954652e+02
6.144564093967939016e+02
-8.735691571488335683e+01
2.560484709277741899e+02
1.629431192750948014e+02
7.902357584954651202e+02
5.998597231617789021e+02
-3.826742967304575700e+02
5.453551287353113821e+02
8.741702016877991355e+02
3.485847853209999130e+02
4.075889604204725742e+02
5.012536054474279013e+02
-2.366053185775168402e+02
4.689831677677636890e+02
9.642490806465783493e+00
2.428187260242079617e+02
3.953117762282286094e+02
7.073138540609322718e+02
5.018673209788181566e+02
3.533281790982089205e+02
-1.138475408998313441e+02
4.689058194431152629e+02
2.662229550810087630e+02
3.040640889196608327e+02
5.101543199850690371e+02
1.500143916692708217e+02
6.844008488942016299e+01
-5.582414775157723597e+01
-2.224391985652200532e+01
-2.382932863945601696e+02
-1.512155186799263902e+02
6.620088745852381180e+02
5.492144142428612668e+02
3.096198322393437365e+02
2.322794491799171510e+02
6.043515818313652517e+02
-2.797912926975226355e+02
2.026774794373331190e+02
-4.373951259493449584e+01
6.631946185394997428e+02
-1.148663121998679344e+02
-2.423235411831522583e+02
2.278021551447712056e+02
4.375877047279340673e+02
3.844242738489357407e+02
4.586349724535854193e+02
1.635166609074695998e+02
1.265822615978787837e+02
5.911902196814041872e+02
-2.583629536168414731e+01
-3.398325232302900645e+02
1.237350290720958355e+03
3.999836700995942351e+02
3.769747460870895566e+02
7.991657061910443360e+01
6.441361320268109694e+02
-3.760793240500378687e+01
7.283049894555047103e+02
3.040609268296552727e+02
1.248882559584423007e+02
-5.113900862839660277e+00
1.230121177442119631e+02
1.883298787135081227e+02
5.002534007541882488e+02
1.670386939097549543e+02
-4.576960628676040415e+02
7.183828360978772025e+02
2.634359842252777639e+02
-2.224563808198495849e+02
-4.735529261695022001e+02
9.353022630170094942e+00
1.082782211068282550e+02
6.932056063290177690e+02
2.792586822690541908e+02
6.269772814472857192e+01
-1.563246680462310962e+02
-3.112026448747100744e+02
2.037325121443804505e+02
8.760613081309397785e+02
1.555652159189998258e+02
2.617177082173136000e+02
1.357352995877734656e+03
2.129418431620287606e+02
