8.161998328641484477e+02
2.066371843555014038e+02
1.660203849767667634e+02
1.599815626989840780e+02
-3.090953146501792759e+00
2.672328332078540143e+02
5.063673235658504268e+02
-6.930964072759174144e+01
-1.668634301683902947e+02
4.737677602852186851e+02
3.317008614581800430e+01
3.672010305225314823e+02
-1.047050317272251974e+01
-2.491975731118106552e+00
5.974819058934364193e+02
1.849952209357218749e+02
6.197749457137356330e+02
-3.200773396537500162e+02
2.774237985899699197e+02
2.017985916123205214e+00
3.553182544666578906e+02
-6.120857613739588032e+00
3.264303801920463570e+02
1.687529668694252223e+02
-3.424018573190346615e+02
-1.881556553674477072e+02
3.607731884648376308e+02
8.606863109846984798e+02
-1.391167468864630052e+02
6.370745927908778867e+02
6.122949344905972566e+02
2.969394876746681575e+02
5.873249865754919483e+02
9.614470642988092663e+01
3.302875016529629875e+02
5.232667419147900034e+01
8.918044560193926600e+02
3.530498147674237543e+02
2.167783791378034834e+02
4.888692380946936851e+02
-1.434636053341523905e+02
2.686171074121421043e+02
1.496141020211945545e+02
2.880539020570243451e+02
1.791230060796638668e+02
-1.387563645832197494e+02
-2.272604782790417062e+02
4.535269511845982038e+02
1.580290431523665973e+02
3.486113646341544836e+02
-4.948035795214370580e+01
6.071751093009833085e+02
-2.296455580541718007e+02
6.636712530071463334e+02
1.922523370963585592e+02
3.148332758977653967e+01
3.208313912080362229e+02
1.589993285378954511e+02
2.731288227350171383e+02
3.738078740424581952e+02
1.817771547144677982e+02
5.559512772415006339e+02
-3.082364765420710739e+01
5.526747033916318514e+02
-1.393973698433021866e+02
2.668213545687727333e+02
-9.331764267627558951e+00
-2.241430498549143024e+01
4.324470203708682448e+02
4.770457857263239134e+02
-3.338683276667607061e+02
-1.621475862945413553e+02
9.303972038856342124e+02
-4.104411429462805927e+01
-1.067748078982052959e+02
3.055838987401557105e+01
-4.971758942105353185e+02
9.486333260712481774e+01
-1.296460477241703870e+02
-1.653953425423196961e+02
9.702667400305974752e+02
-2.220261384792459296e+02
3.697779692186269358e+02
-4.510745184368480665e+01
-2.298420047112310982e+01
1.664839201181741828e+02
5.038986225985436818e+01
2.026686057856762773e+02
6.746849875235873242e+02
-1.496323657779605583e+02
3.400551773916320997e+01
2.147191729716837116e+01
6.061466634254749124e+02
2.969748215433912151e+02
2.064882486501909113e+02
1.430797612973224204e+02
2.617054413559335444e+02
7.910852035914297176e+01
-1.794116331424547468e+02
2.269489248260989811e+01
-6.215651831995389642e+01
-3.360922658211155323e+00
3.217310835939823619e+02
3.411748558803723199e+02
3.984948958923881150e+02
5.059415327111958618e+02
1.384057439141505768e+02
3.578288339977053170e+02
2.767019571449107929e+00
8.613017079931675823e+01
4.895893072935577948e+02
3.706993824416104530e+02
8.518820395526005314e+02
5.645576107871410159e+02
5.751971805079875821e+02
4.330625334328082090e+02
1.055191447418878397e+03
4.603520381212888992e+02
3.396596252876710196e+02
6.909406543742727536e+02
3.414127800706850167e+02
8.847014490556443889e+01
3.361197650410644542e+02
5.385733340817504313e+02
2.205846879989760794e+02
5.862225760417169340e+01
-1.775284455197339923e+02
3.471506308606030302e+02
-4.164251008219296324e+01
7.094771117718444202e+02
1.828249066786336030e+01
4.661746937654168050e+02
5.166737291018894211e+02
6.128767141642558727e+02
4.461763163073223382e+02
8.059786733781065493e+01
-2.187124499269121358e+01
6.879002505077208980e+02
8.417918724799818619e+01
-2.193917221561372060e+02
9.135467011298090938e+02
3.539455374738536761e+02
1.162042043094147346e+02
1.119558554063197278e+02
4.107308007797713003e+02
-2.793165219340805834e+02
8.234665847868751598e+01
-7.165506831199007820e+01
-6.682418157905311773e+01
5.266928247999502446e+02
2.480540542289792540e+02
4.000522104969575707e+02
9.164354740069233003e+02
3.105043632674248215e+02
2.876035003071175424e+02
7.021704039678329536e+02
1.321262382610416068e+02
-2.951611165447816916e+02
8.236890150962498183e+02
1.983253251177284824e+02
3.172710696041234542e+02
-1.296938116721368885e+02
1.734414431834600236e+02
1.492665082048689271e+02
2.070657742788732776e+02
3.484249364995458791e+02
1.843114865384960694e+02
1.684487387889140848e+02
9.390197853620070134e+01
1.941525081919631077e+02
3.377828325623533487e+02
3.767799652098189256e+01
1.425634401942747616e+02
6.689037971359516632e+02
1.259538710995538224e+02
4.908880772204281016e+02
2.847552426701129775e+02
2.164166204278567420e+02
4.416123023049312337e+02
3.128702273265694203e+02
5.982075400740821891e+00
-1.538778032652898844e+02
-3.863982310671302400e+01
3.616988026205428923e+02
2.745325542168282027e+02
5.046395906846705088e+02
6.196201844264469401e+02
3.669491420967005979e+02
5.771272299718741294e+01
4.132967748612465471e+02
3.678090596529790446e+02
3.380020510970840775e+01
-4.202973868344257369e+01
9.671142517727398058e+01
6.121739162092610513e+02
-2.375162355423383787e+01
3.850236028868658877e+02
-4.626804729400785021e+00
3.454665166166217318e+02
5.464256889966289776e+00
6.828174297200366709e+02
1.225913388371372434e+02
2.017581669880478046e+02
-1.783829283898729443e+02
2.143485323293326417e+02
7.704825457397573985e+01
-9.230903802250603007e+01
4.606881361786308275e+02
-5.593921056525262259e+01
-5.146652791030611951e+01
-5.845682347019247800e+02
1.990457267687664284e+02
8.096207437675494134e+01
4.590376170966945324e+02
1.053465637315257197e+02
1.613399918918678111e+02
5.737426908681135274e+01
3.611749811375253216e+02
4.459732261932523443e+02
-1.646886808286374446e+02
6.003337277976162341e+02
1.424984483303234128e+02
3.538991703888059988e+02
1.133423647723735712e+02
2.602203026954778693e+02
-2.760273477662170762e+02
1.033074373540638078e+02
6.043322906252936377e+01
3.066196886299868538e+02
2.326850663561182557e+02
6.734354091325184299e+02
2.648334762603577701e+02
3.226684762342860608e+02
1.917888124351901808e+02
-2.812458004543103129e+02
4.003311261118117272e+02
1.220761311696138023e+02
4.001459471539624246e+01
-3.986908946147677852e+02
-1.087622888347239609e+02
5.086455471980505081e+02
4.969933804602627561e+02
2.719727360510001972e+02
5.328503004243683563e+02
-8.856052874401875386e+00
-2.997732497042468935e+02
1.926292676398530830e+02
5.476581315428397829e+02
5.814081793228703532e+01
1.091419253143516244e+02
4.915163564151810647e+02
4.006283227479515290e+02
2.227349299709479737e+02
-4.610079035325215102e+01
3.258063540415261627e+01
1.910897414028779622e+02
-1.202371094382561125e+02
1.221152766405090233e+02
5.951001830794048431e+01
2.742414102204785991e+02
2.943169531295849879e+02
2.537041400443126236e+02
7.876507481416390419e+02
1.708875488193694707e+02
-7.769160628319987438e+00
6.819384658980388849e+02
1.046925918941884674e+03
3.740781757060586301e+02
3.748889759771936383e+02
1.237494302386303815e+02
-1.358628885088500908e+02
8.003426715938441021e+02
-4.017663694737826177e+02
3.422472628300846509e+02
2.048202702998617610e+02
-1.989920909024079378e+02
1.205737597412377227e+02
8.803984429916542922e+02
1.581599860044421177e+02
4.583069156308379206e+02
1.215842822339200211e+02
7.390439676559087445e+01
1.360626255334162238e+02
1.481390014188598627e+02
4.057513558820094772e+02
4.596053030887745194e+02
5.065966884707581812e+02
3.231121863521333353e+02
1.264880691339645225e+01
1.544104275406364195e+02
5.513864190569159973e+02
-1.576225571218401811e+01
4.321471067497474223e+02
2.486288696278407429e+01
3.423151861558140467e+02
-4.524475282731018666e+01
4.957097461255270332e+02
7.765208780621853180e+01
1.123350725548052864e+01
8.683088455513050974e+01
4.623121471132005240e+02
1.790294897741237889e+02
-2.753639519391737522e+01
-6.958925913731260238e+00
5.798213540230077570e+02
1.591228771197798437e+02
-2.285063425351395381e+02
2.802099516739909291e+02
2.403077946512246115e+02
4.516996539857317998e+02
5.298107703934909978e+02
7.614153841467543771e+02
7.595998514272739612e+02
-5.256395533565957976e+02
2.084540400616837701e+02
7.972694028017814389e+02
-1.059339508303753519e+02
1.375572169911615106e+02
1.489438352617712837e+02
4.576700924656650216e+01
4.183135231130628426e+02
2.956551899846376728e+02
4.176436488202497799e+02
-1.410485744921306264e+02
2.141034320900866135e+02
6.522730121540604387e+02
2.476996943244333238e+02
1.802911914010061878e+02
3.736081486813945958e+02
3.080362687242075026e+02
8.425207017904623399e+02
2.575834054769249519e+02
-4.401007472545708197e+02
1.633327408723037593e+02
8.642415373244084265e+01
3.627797793376869322e+02
8.053002845158781611e+02
1.356252769355257044e+02
3.866691922612851045e+02
4.575341770599520714e+02
1.761748037758446230e+02
5.088055084891195747e+02
2.858983079965062188e+02
-1.258385202589653034e+02
2.456504178595184555e+02
9.880946657351778128e+00
2.733313472750428446e+02
-1.725518420368335626e+01
1.092675831393121655e+01
9.082494842641870036e+01
3.165731461352868337e+02
2.083699035060838014e+02
-1.488219824333171459e+02
3.077293969250654868e+02
3.264603304652341649e+02
2.289539333333244997e+02
4.433567517419093207e+01
2.179131449856441805e+02
3.217859833762950075e+02
-2.018860976775032157e+01
-1.772042473455119449e+01
-1.249939591356236406e+02
1.963294417703351940e+02
-4.254528924599880924e+01
-5.381966665772727509e+01
1.824484491379388089e+02
-1.455321973662313724e+02
6.728265973343326323e+02
5.886666281803319407e+02
-1.148339835986079720e+02
1.175966955344326379e+03
1.619684823355250956e+02
-1.525332039522119487e+00
-8.579000447486262715e+01
7.846264035186874253e+01
5.791904438147722658e+02
4.119442524830695902e+02
1.570854936825175230e+02
3.694568175210199001e+02
-6.357377383817995309e+01
7.662527912101137417e+01
1.638453266002722444e+02
3.903320543099389965e+02
5.026114095448598960e+02
1.449389915110517109e+02
7.483963687220915517e+01
-1.413377096722451824e+02
-6.068392482365289453e+01
-5.812847471567565094e+01
2.206390045290599389e+01
6.626707178835463310e+02
8.185461933470252234e+02
1.352664583993252734e+02
2.799769596142112391e+02
2.550841099816985604e+02
1.599889061205311691e+02
2.144137504409354449e+02
5.725939246348112874e+02
2.309195175897282297e+02
5.736674047175158648e+02
-4.393298559417770548e+02
5.796901366474246231e+01
2.493187762546817225e+02
6.858343664164625579e+02
1.317517583934097729e+02
7.389683868784625247e+02
1.598672173510416883e+02
3.914616912921935068e+02
2.230053173724093938e+02
4.589852528778221767e+02
9.769800100930459053e+01
3.641631382192169326e+02
-3.091439578410986755e+01
2.306346427104453198e+02
4.859990468624400251e+02
3.796417557174055446e+02
6.256077775627682058e+01
4.916864246122845543e+02
5.959597107920275221e+02
-5.064501080072877670e+01
2.646196793322374674e+02
-1.117297050081606073e+02
5.239167061766944471e+02
3.356995336983784739e+01
2.491106688918962107e+02
3.620255739268823731e+02
1.657431660034048093e+01
6.282715706773817033e+01
-1.509577240899141941e+02
4.320666166219053252e+02
2.337766285214049944e+01
-6.511587174129914501e+01
7.249008199405529922e+02
-2.965361790610741082e+02
4.444567189707921671e+02
6.655861301107921690e+01
5.394660196945289954e+02
3.527063792440588372e+02
1.385681864757687833e+02
1.693068889962607670e+02
-4.070450783934561514e+02
7.257563426723407929e+02
3.511259610670846598e+01
8.041131156237635480e+01
2.017149936398887746e+02
7.218295113758636035e+02
-7.388255239449048872e+01
-1.105917323479800984e+02
2.576948995231534809e+02
-3.465361917048315377e+02
4.407889298882828655e+01
9.837198558777528206e+02
2.037487614190096394e+02
-4.118384577606928332e+00
-8.345301748995609614e+01
-4.738059182581955042e+01
3.644143883430439246e+02
3.118805836059233343e+02
8.086053939363839618e+02
6.576253799130478228e+02
5.083736505731139488e+01
1.805106916197923965e+02
-1.096244647271513912e+02
3.917746024604227983e+01
-3.449129786204018444e+00
1.755174819334388303e+02
-2.851449554655745828e+02
1.243164096049225691e+03
2.455449316928282997e+02
1.073195440514280335e+03
4.209880875614418301e+02
3.152695884546791945e+02
-6.364697356001589412e+01
8.214834945314198649e+02
4.456671703314305546e+02
3.403078354612367775e+02
1.687297201941886726e+02
1.900377054595274018e+01
-3.626823978206221710e+01
7.110632256528089101e+01
2.074055899246865238e+02
2.950953900403712282e+02
2.142811367443378288e+02
1.787238713723849344e+02
3.552185419993490001e+01
2.030210808063362720e+02
1.489164483090248723e+02
3.564189394276803569e+02
-3.962598265329264677e+02
7.907468792875404517e+01
-6.490680888854433306e+01
5.859348411260903049e+02
4.468880843352824286e+02
-3.895896587353801124e+02
-5.792976777986659442e+01
4.805336487349680397e+02
1.658097949533083408e+02
-2.459459507802411622e+02
-3.342627450064584309e+02
1.074166840999727697e+02
2.924340527453201162e+02
5.937724183985116611e+01
3.614820179975274641e+02
7.228617575194230085e+02
4.955645982520426287e+02
-3.407219457747215756e+02
2.543213888633098065e+02
-1.068407768592662990e+02
1.176579279845969594e+01
-3.476653034466079930e+02
8.652186913308281646e+01
2.795213406752019409e+02
1.906163206664592735e+02
1.873173414724521706e+02
1.331006690457552111e+02
1.078306558512359459e+00
2.393016786662204822e+02
-1.301942488954402108e+02
6.739795760167025946e+02
3.172224678547557914e+02
1.755794311989549215e+02
5.669330796163785635e+02
5.614487637105286240e+02
4.558433269123352147e+02
2.737246067365632598e+02
9.184246504274760525e+01
1.555363693818863169e+02
6.724151081697593781e+02
2.840346199423914868e+02
1.876269348068227600e+02
1.740457058797684908e+02
-3.504561089466245960e+01
2.620636761962421133e+02
4.508079733893587218e+02
2.023399560250225875e+02
3.415137499984735427e+02
2.668397263527315317e+02
-2.859668348952372980e+02
8.033522054688391734e+01
4.567358640422464759e+02
7.133866428554824779e+01
2.366829053271329713e+02
3.028501766331104363e+02
-1.372601947531481414e+02
4.738641795574603179e+02
-3.165629776124822570e+01
7.271593921148941320e+01
8.443100577277438106e+02
-1.654805579293227993e+02
4.584520593544398253e+02
4.280759698401539026e+01
3.066916931609492849e+02
1.235727848271625788e+02
3.411777983981750140e+02
6.457023040877285212e+02
5.246143230116077802e+02
2.899641602897521580e+02
5.630362503715543880e+02
-1.538096631575795072e+02
7.505681153901409743e+02
2.291044338986700382e+02
3.749780234769755793e+02
1.348184225408110137e+02
1.798924649336564414e+02
-4.721355179584266182e+01
1.604453076054603002e+02
1.089950291730488345e+02
8.302877027011211908e+01
2.699559673572555880e+02
1.142737332056984201e+02
6.446346841010805520e+02
-2.143187589280739189e+02
2.664235540140433613e+02
1.497126524616758445e+02
9.422416942307172860e+01
1.190452191565443343e+02
2.040409606381226411e+02
3.654109132729809772e+01
-1.044293765860194867e+02
4.259144212671516811e+02
3.014344153470598258e+02
8.389817297923130468e+00
1.435852251948463731e+02
4.603902705998608553e+02
-3.112056470993429116e+02
4.452158893207710548e+02
4.352416723364585778e+02
7.552952981822511447e+02
2.555024838553810582e+02
5.281370882274203495e+02
-1.921225043817734246e+01
1.936215256846733368e+01
2.530322964346304104e+02
-2.503050334808300192e+02
3.258946224287777227e+02
4.459182651468077552e+02
8.636112826489039662e+02
3.971833370095517921e+02
-1.812148341905568429e+02
3.956797202924826706e+02
2.658896107246500264e+02
7.403265101067329113e+01
1.730760837736491453e+02
6.936331154402859056e+01
-1.056756271869758734e-01
-9.175729773054449367e+00
4.739135543322063313e+02
-9.763863585801905742e+01
-2.020717906853997761e+02
2.977628246821093967e+02
1.317787846380459484e+02
2.127330773148307514e+02
2.179230697167292021e+02
-1.395136509497360322e+01
1.411220273853083711e+02
-2.453851652691708694e+02
1.522177367987687262e+02
-1.983388942540495350e+02
1.763108013243652294e+02
2.949129067391307757e+00
4.911541622536199156e+02
4.991895015714333113e+02
4.215125706840402842e+01
4.391519884328719741e+02
1.818674543496960894e+02
2.453016584619772686e+02
2.076660286358968506e+02
3.076096303774573357e+02
3.284582420746518210e+02
4.730897703515545345e+02
-1.878803132898711681e+01
-6.298801166088779979e+01
-2.364019040890236170e+02
2.880181427913630614e+02
-1.088162718968373781e+02
-9.395602167306074648e+01
1.960584840326037863e+02
2.469862919506336993e+02
2.240837126198071019e+02
6.853146355727433274e+02
3.381570675696202670e+02
6.251316847262781948e+02
3.063930574879935875e+02
2.806611762331861541e+02
1.314122337936719589e+02
1.579804832555547591e+02
2.372015160967566771e+02
3.916998241098636413e+02
8.720442835311030194e+01
3.087671102421212481e+02
-7.468211557443636650e+01
3.796908302846283618e+02
-7.468070420476095705e+01
-3.330289149420260628e+02
1.986652304030181426e+02
1.305614152849828997e+03
1.097680575389662394e+01
-8.716118856918559743e+01
8.686939003454523345e+01
2.369077071619508956e+01
2.313021921482390724e+02
3.954978234833772603e+02
3.534618971596616461e+02
5.909586751471773596e+02
3.244723741633260943e+02
5.836137068153713017e+02
2.026993085002498560e+02
2.991470612465030854e+02
-7.050890971772403759e+01
3.670038101383794924e+02
2.024748082351322012e+02
4.211800164882792501e+02
4.841841882413433495e+02
3.529896779771308957e+02
1.064317646672515423e+02
2.754034692473547921e+02
-3.631772185400960495e+01
5.297318481569831192e+02
1.559475166342141108e+02
5.594315168375387657e+02
2.276410139738341059e+02
3.700679310072965791e+02
1.193366515011352703e+03
3.738762511772425796e+02
1.233245027225197248e+02
4.787308810192764241e+01
1.077032148464292902e+02
-2.934282149798419255e+02
-9.377339630368955170e+01
2.919984318432061627e+02
9.367797224685509150e+01
6.494102806064544211e+02
5.242263397094750417e+02
3.909774298872491727e+00
4.048216776874174343e+02
3.130822916587787859e+02
2.717481060584290162e+02
-3.803602976268083466e+02
1.684323193943205013e+02
-1.035440352137349862e+02
2.023047873797021623e+01
3.013844263204247227e+02
3.439799220163029645e+02
2.748820432692529607e+02
2.150135857701610860e+02
4.616572221445199489e+02
2.272725858268509000e+02
-1.432235452535606726e+02
-1.405144140162627053e+01
7.781415630106868093e+02
1.944054099937094406e+02
3.433096720088920506e+02
3.002368626653412775e+02
5.773663122670267285e+02
-1.141049748939632451e+02
9.242529474971649961e+02
-3.387181033220118138e+02
1.774474043399173979e+02
3.232978053144818773e+02
3.844131238654428557e+02
1.604089798887830227e+02
2.529806805250025832e+02
-5.580970721652059297e+01
3.801388728761574498e+02
1.665284693266857232e+02
6.515124284965219204e+02
2.259669708992238384e+02
8.674712432483519819e+01
1.668149962753589648e+02
3.628932318628626490e+02
-2.588767523363953273e+02
-4.093654502469851053e+01
3.063594767828157046e+02
-2.152379054460492114e+01
5.552762592688169434e+02
3.020697630916668075e+01
-7.853151004607431673e+01
-2.536766449284339160e+02
3.898863481273322691e+02
2.484089702635251840e+01
1.648276939760315258e+02
8.051860204693319645e+01
3.381483807419169239e+02
1.701086120193153022e+02
-1.631919360341335334e+01
-6.165131460321461532e+01
3.453898832043184370e+02
-2.173063879396531206e+01
3.616284736411242307e+01
1.860244941251788831e+01
6.733507128297465272e+01
3.071030170809224842e+02
-1.121894415666179725e+02
2.524065429950115629e+02
3.633197781419717387e+01
1.194683637567524954e+02
5.882619123331552657e+01
1.642246472631140364e+02
-9.290470033106990400e+01
-3.792058846885903449e+02
3.616283769152642549e+02
3.294552008844680131e+02
1.370564921383622448e+02
1.875675076849330196e+02
6.554231827646570707e+01
1.210940698156783952e+02
1.596517004391619139e+02
3.547773924240032102e+02
2.289647147035142893e+02
5.271438681933710768e+02
2.683236057026139179e+02
2.916826542960283177e+02
3.689681891864839969e+01
9.888439352754299705e+01
3.497211701892410360e+02
2.290561196886434914e+02
6.293761229622676865e+02
1.572759132759097156e+02
2.915277066734570894e+02
-1.393723771078973357e+02
-5.064532038823938365e+01
5.980798885123462014e+02
1.208655796100502471e+02
1.044245058511808566e+03
-2.174738009544757347e+02
7.308162088078030365e+02
4.557473315982660722e+01
5.211901859968372719e+02
8.641932367016300987e+01
3.261451031263508185e+02
4.173225858046055805e+02
-9.784321193752293766e+01
3.217563751911912391e+02
7.080281306126190657e+02
9.760589678294451232e+01
-1.979745412153989435e+02
1.401078480887836690e+02
6.238171626502787603e+02
-6.441834427833373411e+01
-1.509796172789445379e+01
-1.550683912089193939e+01
3.449061828524313000e+02
2.543684131179709880e+02
2.885364281242511879e+02
-5.475200267968558592e+02
3.574193157208903671e+01
9.518667478094363332e+01
-8.075525539746679726e+01
-3.191559380979711591e+00
-1.401427336953920246e+02
1.490175155484465108e+02
1.255108897973476303e+02
2.769179575963631379e+01
6.489893463488958787e+02
1.981066412672919625e+02
7.261247481583041008e+01
8.182022202826993862e+02
2.936844114410533848e+02
5.422214713563419082e+02
8.257797727267195853e+01
3.422317316895248496e+02
3.435957906428464526e+02
3.245037219362760084e+01
-1.659327674845585534e+02
3.458003436805495312e+02
4.919182288569524530e+02
6.202829654281011784e+01
4.635647448493881484e+01
-2.964618610768287112e+02
3.282387830014746442e+02
4.971116829547689804e+02
2.863034269289637450e+02
3.239484841424343244e+02
2.076463508904240598e+02
9.649238714720492283e+01
-1.661087490691974722e+02
1.274073315771086357e+02
2.752226585730994657e+02
1.046476664745149208e+02
1.621154713023435363e+02
4.576274902037576453e+02
1.566013119559581810e+02
7.854291577808147622e+02
3.865955044251302866e+02
2.320962655833153860e+02
2.776756757875734820e+02
-4.427163013529396380e+02
8.880349355436261760e+01
2.242107985478941430e+02
1.149437100671444369e+02
-2.171844716186096207e+02
7.951780670420978936e+01
2.738458040922780015e+02
3.338342471380095162e+02
7.865545759966942114e+02
4.648268156747144531e+02
7.756549313798236653e+02
-1.326031460498267620e+02
2.433992415789701340e+02
1.803943449563347485e+02
-1.211886920748341652e+02
-6.525434310787710501e+01
2.236524157758146600e+02
3.216834344143003221e+01
4.377022471962227712e+01
1.337162032246190790e+02
4.921131693349162362e+01
-8.905430602571419740e+01
1.826172938548690752e+02
-8.197070898918846638e+01
8.749039712695921480e+02
3.869272307830689783e+02
-2.600804340640003716e+02
7.077949300929241190e+02
3.576278380635542362e+02
1.019467800000193023e+02
1.136049601169261223e+02
-3.023856226552593967e+02
1.104055004475828241e+02
-9.261595090461729285e+01
-4.376628995382067728e+02
4.021182613940142687e+02
8.129263049065079372e+01
3.148757255949306000e+02
3.757689674602951868e+02
2.731622286401203610e+02
2.668152709784084777e+02
3.832276198453444636e+02
-2.226762811181644963e+02
3.048908318900206496e+02
2.667318247507157736e+01
2.037390821240917376e+02
6.170896665392882596e+02
3.259876044779388735e+02
4.649978341608813537e+01
2.409574220750212987e+02
4.941274518588813862e+02
5.812945986648486496e+02
4.028734564563523577e+02
4.826291557756362636e+02
7.456498195590341993e+01
9.124520808321673826e+01
-7.206916275186870280e+00
1.180335743695189876e+02
1.089950433455236862e+03
2.255531856898886645e+02
4.667657030049283549e+02
5.237694205801843736e+02
6.290716585573286324e+01
-8.626799754188483860e+01
3.375582498559485316e+02
2.598690699894607974e+02
5.678657315118480255e+02
2.439203457033431732e+02
1.493094354049616186e+02
4.515548401786906538e+02
1.060191202581090124e+02
3.684592351055692347e+02
6.050401892444759255e+01
-6.628693413463522575e+02
7.773908595440747149e+02
-2.130868169413458091e+01
2.686899988981415959e+02
2.159924032482801692e+02
4.966723028944405769e+02
7.323453705518832635e+01
4.888264581294973965e+01
5.032148106499704454e+02
-1.419665007035410440e+02
5.246357727759400404e+02
-6.821293441137933655e+01
7.606259501770413181e+02
1.046822580749908639e+03
2.823573817606649641e+02
1.217327414907622654e+02
2.749262892510134861e+02
3.270699306921619609e+01
6.428597508509487852e+02
5.437490930582752071e+02
-1.005170588292094891e+01
1.107623032047200127e+02
2.723227889444263496e+02
1.697712115217432540e+02
-1.469267737252997676e+02
3.366721781967871721e+02
1.155223407870771268e+02
4.992708682209560038e+02
5.863595250911303083e+02
-3.096386674626590718e+01
9.732995162450524163e+01
2.788974934033478803e+02
4.558538418162021912e+02
3.396465640367031256e+02
1.751637491116889223e+01
-4.610920852038365751e+02
4.775928908672890429e+02
1.532090028862717475e+02
2.408927697790828120e+02
1.635512626458867302e+01
2.978196529241592430e+02
-9.679976703248266290e+01
4.605247999633968448e+01
2.840681818920713226e+02
3.401940401156006715e+02
-2.029263110724596402e+02
5.543049267225642325e+02
2.049323804617754377e+02
2.969898255210742946e+02
7.473353563684682399e+01
5.714953400692227206e+02
4.750597178384529684e+02
7.259500520494042348e+02
7.073583746820444276e+02
-2.082593995471483197e+02
5.540815170586512295e+02
7.280836936272040703e+02
3.779680584713086660e+02
-4.530069918946035301e+01
-1.879061595859586475e+02
1.839646702050474119e+02
2.983288433619052284e+02
3.205051997147584757e+02
7.477781911799496584e+01
2.390671032358937680e+02
7.408651986875727857e+01
-9.197351852019863827e-02
-6.404200089077210123e+01
2.340969880668877678e+01
5.784454364140130878e+01
2.810335330296306893e+02
8.473259099842141495e+02
3.607511704601733982e+00
4.991132529877322668e+02
5.202344848213756450e+02
-1.370267927852085563e+02
1.030791219972542194e+02
-9.313750451627203120e+01
2.912125166084061334e+02
-1.374748587176881642e+02
2.149172803132080958e+02
