1.796870917764672413e+02
7.122776841384873023e+02
1.777849201071436482e+02
2.278243289851551481e+02
1.207317430684851587e+02
-1.735044544089546150e+02
1.589904328449062803e+02
3.076172653885327080e+01
3.599768733854937750e+02
5.325940610907595101e+02
4.294001903197317347e+02
6.546216805367333791e+02
5.666341264468990175e+02
8.175655927497555240e+02
-9.604955645404734810e+01
-2.798163607508862469e+02
1.550846972166047522e+02
7.692796030644838083e+02
3.285832355136032561e+02
4.334998792050394627e+02
7.890017800081973292e+02
7.320845936592612588e+02
2.387404531913070684e+02
5.380570906619292373e+02
2.080407997897229677e+02
1.008436931436459503e+02
4.543476726768825529e+02
4.416288885024375759e+02
3.962381056828158421e+02
1.838833454683928181e+01
2.917487523840023869e+02
2.431104582291458200e+02
1.846143990141135589e+02
4.231272576838226200e+02
1.133502527915121902e+02
4.766768976622023501e+02
5.640477449572395017e+02
3.232190776414564652e+02
-4.371516873406968102e+02
-9.414039768004229813e+01
1.191083627338574900e+02
2.722758715886662344e+02
5.849612177318851991e+02
5.137586484420866100e+02
2.289693849773030649e+02
1.303910132351166169e+02
4.397738473278484435e+02
3.328442266369324329e+02
4.365784381891435260e+02
5.894659039924521267e+02
4.459975768437276997e+02
8.195341294371425533e+01
-2.294337405976118589e+02
3.539235131100430181e+02
7.699681368287756413e+02
9.412459896412243552e+02
7.411358655046986996e+02
2.322260809361651752e+02
1.264529397836615843e+01
9.474697743258292348e+01
-7.107063490261054994e+00
1.578046412522039788e+01
2.301710299003075306e+02
7.288813745329423455e+02
-5.591618482010676416e+01
4.154646504013300046e+02
1.380887720176215794e+02
3.140760220134148426e+02
-2.050649154972779513e+02
2.316726002411107288e+02
3.779796991687600780e+02
1.022961846748782023e+03
-2.225626009463466630e+02
1.828476513342071712e+02
3.294235132605127347e+00
1.636063892006367269e+02
2.914356060793807046e+02
6.668655102357366360e+00
1.310462681601093848e+01
-1.166941446209165036e+02
3.844804722561802350e+02
1.257895194648168626e+02
-2.145012429694440925e+02
6.280081492451171243e+01
-1.944222321368763318e+01
3.136891496952196121e+02
2.246499584663796725e+02
2.937095559979502468e+02
2.901086705861415567e+02
1.786077685425923391e+02
3.860696411409321627e+01
1.956969092182669669e+02
-1.692330158654478680e+02
-1.324223144406153665e+02
1.083260918469044782e+03
3.486603376907676193e+02
-9.122856302506464488e+01
8.073078359653400184e+02
-4.134109020239652921e+01
1.006249835801793893e+02
5.274280184274286967e+02
3.541806438770120167e+02
3.283110257997858525e+02
4.549566577603561086e+02
8.052386692062704014e+02
1.673606694319136068e+02
4.915797774887996070e+02
1.397659925460785360e+02
-3.440035811109203223e+01
-2.306399208108429377e+02
4.070128865229393682e+02
1.440985708541473116e+02
2.163932058261006262e+02
2.371004110807904226e+02
3.290364833147712034e+02
6.185579610563284092e+00
4.476348827169624656e+01
3.204053687283436602e+02
3.659031526512911796e+02
-8.789976106605610084e+01
-1.748602481496783980e+02
1.983095567379325246e+02
-1.959001763985062041e+02
7.202391039954211465e+02
7.660499684773537865e+02
9.012266053186653636e+00
5.304269311142893457e+02
5.215379523785156834e+02
3.241706609204469487e+02
7.293813734591417131e+01
-9.691586322673433074e+01
-1.775745959757904870e+02
1.815893797534681084e+02
-7.589528765566578272e+01
1.121441746916705284e+00
-2.660195884418054106e+02
1.226547065238148093e+01
2.086461794668965126e+02
4.343527013006620336e+02
4.296791211981029051e+02
1.193353147144142952e+02
6.385700895088492643e+02
8.230089786732665971e+02
1.034668504990711284e+02
-2.098123044317234189e+02
2.772641710029076307e+02
3.241511824195930558e+01
5.085222604575143635e+01
-4.853515076948803539e+02
2.551516842722600984e+02
1.465458159268023337e+02
6.735879540923499462e+02
6.540414080877712877e+01
3.644299887745051478e+02
2.931642917683374208e+02
3.999165266485576922e+02
1.576060992687912972e+02
2.268977239746938892e+02
1.490456202219323245e+02
5.196484874606857147e+02
5.613202402034075931e+02
1.728966636073401730e+02
2.108750042394166542e+02
5.102894348549307324e+02
1.453241364550002004e+02
1.036800516318046448e+02
7.609122037065495761e+02
-2.398100483708806507e+02
-2.418231672645639492e+02
2.928662680960989633e+02
-7.783212737119723101e+01
3.466417987031807684e+02
1.443131861000694585e+02
6.153737787932586798e+02
-1.475863150859380823e+02
1.168544839499212458e+03
-1.930442510755684893e+01
-1.251162491569299533e+02
-8.327986315355379077e+01
1.397934344474305135e+01
2.747860309132141765e+02
5.503365191106198608e+02
1.533332242066159097e+02
5.604802720848620083e+02
-3.351528566939840914e+01
-1.747998896221494647e+02
6.122937562635150925e+02
2.796416084220157927e+02
1.585652447527514823e+02
-2.163401780122561036e+01
4.461023454242060211e+02
3.191962390848187852e+02
9.970147732434999455e+01
-6.027970812899543489e+02
1.440915320726719244e+02
3.923368178685075236e+02
-7.480303389451087526e+01
2.584145721790634411e+02
5.332144577010706143e+02
-3.270769506198105319e+02
6.629883975037166692e+02
3.504397446298217460e+02
6.100785204226542646e+02
3.736280602205091554e+02
2.041710189873472530e+02
-4.558166077725456944e+01
5.186834726641178577e+02
-1.434108878551937494e+02
4.868774132823036780e+02
1.781872721103607091e+02
3.113020034343022076e+02
1.141338587182584519e+02
2.106882068368686305e+02
2.106137087574998645e+02
5.777255667763223528e+02
7.961517913015171644e+01
3.896384948659119232e+02
9.670987216353680083e+01
2.887108414942747459e+02
4.711628910777372994e+02
4.511393919725676369e+02
-3.239795210025915395e+01
1.423314165136828535e+02
1.810885346614642231e+02
4.448765668082025968e+02
1.098408489662724833e+03
6.623950168167961010e+02
4.934064449358527327e+01
7.836646265236026920e+02
3.301013926944381751e+02
-2.728123900933606905e+00
3.198326773248504082e+02
-1.630542413147293530e+02
4.666678587132103075e+02
6.505737189023218292e+00
2.907907579494614652e+02
6.503354934328497450e+01
-2.476021104126249952e+02
1.613434318488366159e+01
-8.781892419446786846e+01
4.427133763951748051e+02
-3.810981029072350879e+01
-1.311423422544977768e+02
-1.239315162501377188e+01
-2.542630074002282470e+00
5.931098432059661718e+02
1.891529182625180852e+02
5.963054795353282316e+02
6.683662211671999387e+01
1.117490401060403471e+01
4.869712508304951939e+02
2.063405433816614334e+02
5.868854323322931350e+02
4.113959791438392131e+02
5.114946032292351674e+00
2.701862879043587213e+02
1.021176278889337752e+01
-3.300534398089658339e+02
2.152970611952558215e+02
-5.345642662583885141e+01
3.338793716036357182e+02
-3.728178045330067647e+01
-2.280605558845027758e+02
6.611164936246966590e+02
2.631629804770806231e+02
-3.478662265901468231e+01
2.122160318625137450e+02
-4.106064773736265749e+01
3.317345033462001993e+02
2.081665433087817121e+02
3.142857031127973073e+02
1.420444061729988761e+01
2.216063823083417788e+02
7.393833289930191199e+01
4.691804716255684298e+02
2.419349588633711505e+02
-7.936717160099675539e+01
5.666494848915280045e+02
3.601659077139909186e+02
8.248253801920350270e+01
5.866268743962178860e+02
4.678267570570585008e+02
4.075349286172630627e+02
6.829672461398668020e+02
6.249004885093849992e+01
9.900314099839505388e+01
8.092491308314780554e+02
1.104346446693348867e+02
-2.209849976402779532e+02
5.030051353900668687e+02
8.143701033646016185e+02
-3.149662224646121444e+02
2.405046552386337453e+02
-1.249136772579351060e+02
-1.444816755857706028e+02
3.861516501260524592e+02
-1.078617001116031915e+01
3.971643908511699692e+02
9.411766709047444124e+01
5.237273307140014822e+02
1.965560837743375373e+02
3.348319570503253999e+02
4.192203628342201114e+02
2.086590518745623797e+02
2.615400057076002440e+02
8.591523470586227518e+01
7.409168761074463418e+02
1.971878440834784953e+02
7.775112319768636553e+02
-3.162208941721195856e+02
-1.147030437763570916e+02
1.250524248658655893e+02
-1.080719762299679942e+01
2.879929096504314998e+02
4.368271784628891510e+02
4.245428016785602381e+02
2.856496799333397121e+02
4.579324339802777644e+00
-1.227099282566284728e+02
-2.456354875671044624e+01
8.757062377087390814e+01
2.166034310060123858e+02
-3.839129540897356918e+01
9.511413144632139165e+02
-4.370905962150710593e+02
-1.733187490273911351e+02
4.223621326432038359e+02
-2.359912334610819471e+02
8.498991397898153082e+02
2.940404218555137845e+02
1.584495192937246884e+03
3.526096786568242578e+02
3.465789022332353966e+02
-1.187463511681449120e+02
7.492855945530043300e+02
-6.214332151392162018e+01
1.481515691030711821e+02
3.441363217049450896e+02
-5.279250136126506732e+00
3.680151546177893351e+02
2.792970717240062584e+01
5.511572925655782740e+01
9.069823846803060974e+01
-4.620196157462464015e+01
-2.266444707563645693e+02
4.643991317529026901e+02
4.151288641164539399e+02
7.017607923117967630e+02
9.784055559321549822e+01
-1.672430437313322216e+01
-2.259745360980801365e+01
-1.378940734168192819e+02
4.236011648398524017e+02
6.661114576260406466e+02
7.939058589079098738e+02
2.656782497769285101e+02
4.745745251957917077e+01
4.550218576823797321e+02
-1.758126817940932369e+02
-6.797256054578565454e+02
3.287598474612410087e+02
1.787137740470408289e+02
3.405631941515272842e+02
3.193949970149974433e+02
1.741256443233372693e+02
-2.167954285074958136e+02
6.158263873010635052e+02
2.638286368898340015e+02
1.932059695055499446e+02
1.089839201728367897e+02
3.449204812793733481e+02
8.229085273637560931e+02
3.051976700760605468e+02
-5.635256466990026070e+01
2.679207132192389622e+02
1.585791841227234045e+00
-1.284839362996228544e+02
4.698121853322656989e+02
-5.667572406108170213e+01
3.895991997439150509e+02
-1.092039141099275312e+01
2.891531912230112198e+02
5.004775705833048960e+02
1.199329534177725236e+02
-1.467817105870830403e+02
2.573917779190299626e+01
-3.260061421938357853e+02
1.898259929449204151e+02
-1.265941751381620577e+02
4.644812400619544519e+02
3.763391029985523915e+02
-3.365337188339172769e+01
1.972256195496745761e+02
5.253647522992040422e+02
2.542384243543367575e+02
3.129456928724724207e+02
-1.578768695527604109e+02
4.974649015428828989e+02
1.236023070432208755e+02
-2.576875725148175320e+02
-9.229344092892466733e+01
8.347811617144937202e+01
2.087284030565743649e+02
8.177266063872858126e+01
1.777415840455124965e+02
4.454278388228869403e+02
3.286398698568486907e+02
-3.947293024238426540e+00
3.135587728747473193e+02
6.442899330251225365e+02
3.912764142998964871e+02
7.621390722865083944e+02
1.862763241269309589e+00
-2.533139984147372843e+02
5.988490204591128077e+02
4.270651711473919931e+02
6.804643295145799584e+02
-2.316179325271443901e+01
4.286524888282354482e+02
-2.166469946568856244e+02
8.907234093122433478e+02
5.171694189644252901e+02
3.673532738765882755e+02
2.876508345038311063e+02
-2.749754207835961211e+02
4.051607994892662532e+02
6.703162876053307855e+02
1.636392585993389162e+02
-6.249217787618643882e+01
2.359820157855367313e+02
1.719148477955311591e+02
3.004465121234914022e+02
-1.884838435441957643e+02
-3.114807221214063020e+02
1.060790610902790263e+02
2.372550413823682902e+02
-1.260734288702056176e+02
3.625624217063459582e+02
7.329957616181903859e+02
2.381079630236825437e+02
-3.125080215808734465e+02
1.636011964070145837e+02
-3.983653665061406741e+02
2.562583058282054367e+02
1.222047403313339231e+02
3.479348599727612736e+02
6.376618799588833326e+02
1.937278189578548506e+02
7.380561567711338000e+01
4.630220026921998056e+02
6.702044119491011998e+02
-1.529345853115049181e+02
2.773987707519565902e+02
2.831768616526062488e+02
9.818003444678862479e+01
1.248975753359511032e+02
2.026791387564011870e+02
-2.037672425773101850e+02
4.907196854867576121e+02
7.947007802504022038e+02
6.721457832908072305e+02
1.368844218528227543e+02
3.591464788317912280e+02
1.927400071148157323e+01
1.966540401440898478e+01
1.893363771335996830e+02
9.424214013545365276e+01
1.806504632303601454e+01
-1.560583752121818577e+02
3.480140630533107071e+00
3.091501788398470580e+02
1.053801175648782760e+02
5.732032923952421299e+01
6.232175223610586556e+01
4.257201862823574174e+02
-4.899532621951128419e+01
3.307442493925013309e+02
6.557644316427340527e+02
6.313154237877256492e+02
4.527475855378703500e+02
2.956465400389321303e+02
1.990980342702348196e+02
5.057423994872923458e+02
-4.074176994191924450e+01
-5.668680204845985600e+02
2.852711074845708481e+02
3.822568153049094235e+02
3.776347316018675428e+02
3.575820812551273207e+02
6.117312659657012830e+01
-8.742890952472885147e+01
6.359254108308923037e+01
9.041071990853001807e+02
5.473455817454777161e+02
2.876304762986451351e+02
1.707609755805945611e+02
2.967596794451988558e+02
4.598000681417092323e+02
-3.871833033586626698e+02
1.867915364885406859e+02
1.179922542407762052e+02
3.802553909723561674e+02
-2.941769236539620280e+01
-9.102651078765109816e+00
4.185958467400143945e+01
5.082152396390152376e+02
9.803304933122703346e+01
7.139469285670023169e+01
3.920226850098860893e+01
-2.382981894872411317e+02
1.078924012709585298e+02
9.575211750767245178e+01
4.402541433617601569e+02
-9.211005612390320607e+01
1.335344560288743025e+02
3.115828725789683631e+02
6.705848984568684727e+02
6.064657427429935979e+02
5.073552088709954546e+02
2.397578288779594686e+02
1.515273118570585439e+03
2.051759055454475060e+02
4.986557021291936849e+02
4.611904566317655281e+02
2.325142660162157711e+02
2.152331790104949505e+02
1.196613192271607659e+03
-1.939953686357387497e+01
5.981103363215396485e+02
3.682967794064403506e+02
1.360145310845338997e+02
-2.304154560859907690e+02
2.168803174564458658e+01
1.674469674913828214e+02
5.726829255455527345e+01
-3.747828504796814286e+01
3.628380800691846275e+02
2.255212033959741689e+02
-1.984302252057366900e+02
2.780132351236208024e+02
-2.876243660276371656e+02
-5.197772683228012056e+02
4.629000246016220217e+02
3.327280321406731218e+02
3.163225984541529670e+02
1.103660209174574618e+02
3.139673937431870172e+02
1.426066625493131710e+02
3.152904843569720583e+02
-2.856225319897182402e+01
2.389010602231763585e+02
7.837879713050190276e+02
-3.083016233869649909e+02
7.008176650598949209e+02
2.605577901553309061e+02
6.361095785949213450e+02
-2.148525206868412170e+02
2.055741983346287043e+02
-9.377974310910997247e+01
2.778731597605005277e+02
3.184808874937894529e+02
2.183273632352610889e+02
5.405797262380868915e+02
3.117616649872925336e+02
2.331187232251625687e+02
3.848448236052061588e+02
4.554823177569196559e+02
3.620608053690821180e+02
2.309618975179084259e+02
1.976610522396774741e+02
2.552528067852039726e+02
2.086258093692231910e+02
1.499512026131758375e+02
-1.533536198941377648e+01
3.833922552632205907e+02
3.928747427690851737e+02
6.450327908247465984e+02
1.706448418935932239e+02
1.474944716223810985e+02
4.159714286817030597e+02
5.313479495853497383e+02
-2.647725339204409778e+01
2.498962101003956775e+02
8.580802338724387823e+01
4.679023587414059762e+02
1.812090773333302991e+02
4.473815929689878885e+02
1.703517208144960549e+01
6.523423208128381248e+02
1.355782445437266404e+02
2.419960119638396634e+02
2.911011506570811775e+02
1.946597694937812548e+02
1.650511128398406413e-01
9.725968867154236932e+02
-1.986716013982558025e+02
6.185153703643997005e+02
1.300337260780995337e+02
5.662783372827550465e+02
2.449488059297223117e+02
-4.473510851132064658e+01
2.032932504007746388e+00
2.390477222767777903e+02
9.969913674085375987e+02
2.688343395442076371e+02
1.200608752839648048e+02
-3.050172253612680251e+01
-1.742754519465042335e+02
4.798501049474699016e+02
2.854649341335261852e+02
1.987354834523822547e+02
-1.265325262660015682e+02
-1.214202684786638429e+02
8.622698368248316001e+02
2.976191646673562445e+02
1.594894277677534689e+01
5.352867161365477386e+02
8.579853383408494665e+02
8.347737071725885016e+01
3.787934358878518424e+02
6.188509889248472291e+02
-4.315501559638455120e+01
2.925083432003914936e+02
-7.482648043682948469e+01
4.184334983523605445e+00
4.345107583082464231e+01
6.963884588250705576e+01
4.695646780138700365e+02
7.345298972938066981e+02
2.601007496403404389e+02
1.882918641610204133e+02
3.781410712565884751e+02
-2.754472814832097427e+01
-2.309076527433154808e+02
2.036550561264512851e+02
1.224225973714282389e+02
-4.317309281411525035e+01
5.474119256106722560e+02
9.886826013784288136e+01
3.901552461708229202e+02
1.285258914488825894e+02
2.006812684109278848e+02
-3.742809202302232308e+01
1.145322197760955163e+02
1.014301835505509217e+02
3.439787864729139244e+01
-4.948271713456829701e+01
1.674001945314053899e+02
1.918222678059428787e+01
1.312917131803430948e+02
3.701592956943640047e+02
7.455811210625542174e+01
-2.237742359531405612e+01
2.516304922678932030e+02
3.651413782581520877e+02
1.174685107186733291e+02
2.217570974607342293e+02
-4.374118491158354800e+02
3.630858259818668330e+02
-6.911681816638747478e+01
3.177629108004018121e+02
1.738554473266623859e+02
7.091731819129236669e-01
2.071763201814506772e+02
5.930440987550993270e+01
-9.960457040042830101e+01
-1.768663956323635205e+02
3.850164179773714750e+02
3.287346386492980628e+02
2.568301466304608880e+02
1.840036757833925662e+02
2.105410873939478051e+02
9.115987897238878190e+01
3.677491515782527927e+02
-1.375373552409138256e+02
-3.424967552935207777e+02
2.788157075360767863e+02
1.329825847622725519e+02
1.747518167032768019e+02
2.834163391005912445e+02
1.653063275349393280e+02
-1.281097655655951542e+02
2.489036957979351996e+02
5.429539388742115307e+02
1.137540163749020621e+03
5.069834380444133899e+02
1.382456680012563766e+02
9.245762468554862608e+02
1.592889590712887866e+02
2.578957998310526136e+02
1.969530150568371312e+02
2.230580108735907743e+02
-3.498804830218161044e+01
2.255379767545404093e+02
-9.542909708697641236e+01
3.636385060119248465e+02
4.277641175537602294e+02
2.088654046410423462e+02
1.360197955370644252e+02
2.708506392053067202e+02
2.097902049720276523e+02
-6.113405653676115890e+02
3.080600623862908378e+02
2.607371166544290730e+01
4.927815268256238710e+02
2.474184447255572294e+01
1.186469718970866722e+02
1.445839797068369535e+03
9.067386340072005169e+01
2.602398989733891312e+02
-7.954100482648715342e+01
6.948251345901099967e+02
7.342812612874507749e+02
2.351498467287192682e+02
4.823202265849262176e+02
9.380247382078216560e+02
4.667272712154186820e+02
5.263416477097881625e+02
2.244558285941119777e+02
2.586686562378289622e+01
1.866705441733049042e+02
2.620499694733360911e+02
6.216265126341505720e+02
1.636890379901788890e+02
4.861819306544610981e+02
1.733314318226873141e+01
9.273663934322822797e+02
3.347085232484897688e+02
5.066983119446448427e+02
1.657731784251058400e+02
4.422188071826091686e+02
1.643863411189887245e+02
2.029878239238441324e+02
1.028564356130678732e+02
3.392341392363283603e+02
1.177391987252652257e+02
-2.169815657425914139e+02
1.304742092706177630e+02
4.474056186619996538e+02
2.538700613157130803e+01
9.112518910695280283e+01
4.535826787574679742e+01
4.097907675120682143e+02
4.437186429799721168e+02
4.207430056208656310e+02
4.770322204762011324e+02
1.834237731127485063e+02
2.620946786329595284e+02
6.374748314789820824e+02
6.543451455024635379e+02
1.603783144750848777e+01
4.024819850447261871e+00
-8.430391211282572783e+01
-3.049384695159186265e+01
1.485823327890433063e+02
4.561749060973680230e+02
3.467883872105679188e+01
-4.044225653984469204e+01
-7.354958706352525155e+01
2.086298820044632407e+02
5.091728544628275017e+02
1.273111502594957187e+02
4.082981748783718103e+02
5.857941476037276516e+02
5.262142099955449339e+02
2.416395043301845931e+02
5.587672828718552864e+02
-3.104118849011605903e+02
1.806678703146933884e+01
1.409424836593721864e+02
-7.555664774689983432e+00
-2.776776159948149925e+01
3.659361557873828588e+02
2.774338673678104215e+02
-2.336735455132451023e+02
-2.447329574168082544e+01
2.671039888123818855e+02
6.674695084281518120e+01
6.102006407551359644e+02
5.425204487328043115e+02
2.319117945419300497e+02
4.371905857597112686e+02
1.974325176861050011e+02
1.635687141498427479e+02
3.448837461668146602e+02
7.265126151634598273e+01
1.433727412814846502e+02
5.027125768301614812e+02
5.948076125592107246e+02
2.347862047892993758e+02
-1.275783148132050258e+02
-6.031604911082074949e+01
4.516147530683130640e+02
4.106965134432429068e+02
2.076479051881959208e+02
6.042581293839366481e+02
3.861180807447764778e+02
5.721494749361681897e+02
-5.572564183219367351e+01
-8.218616388531475536e+01
-2.641558232820730723e+01
4.653025599443570854e+02
3.270174715062040036e+02
2.430355330781947885e+02
2.959449844115518999e+02
1.242549504137207919e+02
3.453486795701946335e+02
2.963859394852542550e+02
1.328350337450664540e+02
-2.910625853147507769e+02
-6.748545502828332587e+01
-1.464543543529094336e+02
-1.577617486992396607e+02
5.550069301439607443e+02
3.162288697921287053e+02
3.550748544573867775e+02
-1.160922775959979845e+02
4.825584270804521339e+02
2.401780727667709812e+02
-2.712146988992590195e+02
1.950677917182030114e+02
2.916808862815724979e+02
-1.929091466598896787e+01
-3.625132173598358918e+02
2.237753742932815726e+02
-1.625816207708606385e+02
6.158138476390696496e+02
6.651137651238483386e+02
2.033904784076441956e+02
3.562896297334576445e+01
5.533512945506267044e+01
1.651983204739498206e+02
-8.939033234341667367e+01
-1.447767639010085645e+02
2.208269031717636608e+02
-8.113274793438586130e+01
4.234811061530445500e+02
3.979473362777345642e+02
5.287340464086103964e+01
2.021827865141228244e+02
4.390213862825469278e+02
-1.714734133698564165e+02
3.654676638501863408e+02
2.149956332798824477e+01
2.855963600499596851e+02
3.156266927919619434e+02
1.234815463796182655e+02
-1.333484101554145411e+02
4.558179759034960199e+01
5.252344141247399421e+02
-1.614307929615543173e+02
-3.220981742477253533e+02
1.373833728063540605e+02
5.845273599344848208e+02
4.946795950755201261e+02
-5.589569930263671438e+00
5.793847118888016894e+02
6.298302686136752300e+02
4.744541276118657152e+02
3.831095074014389468e+01
-1.291941188640249720e+02
2.145914121602360751e+02
4.163948497050525930e+02
1.673903460161048997e+02
2.298517774082205563e+02
9.383719930814845611e+01
2.220658804882133381e+02
-3.544540373753498130e+01
-1.161597597285272343e+01
6.783857807075008850e+02
1.096813552988697609e+02
4.184664098899623355e+02
-3.868201237381814650e+01
2.529127536948689112e+02
3.156554226876702387e+02
1.776736860560150433e+02
4.055613532166814821e+02
2.613668062260242664e+02
3.095998976859637537e+02
-4.298823594442672658e+01
3.678394892569103263e+02
-6.362929561767524689e+01
4.668684199814450153e+02
4.164939908380586644e+02
2.362741370287027962e+02
2.230126040736359627e+01
1.916647754910169112e+02
-2.207787784309824417e+02
3.052101269605575453e+02
1.247612049651328618e+02
1.528342040518784870e+02
2.114588755765469159e+02
7.864233311817902461e+01
1.462818782522508627e+02
-1.246424262111842154e+02
1.046238329588098139e+02
1.720706207606019689e+02
1.869740588654202611e+02
3.715124620189424718e+02
-1.376164198801466227e+02
6.536319987710984378e+02
3.006473240381552614e+02
2.384339040825712459e+02
-3.355324832293863437e+02
6.971500705494261751e+01
2.776657713363828748e+02
-1.387715897647225916e+02
2.793709756951519694e+02
2.947353572731722124e+02
4.313930275377668977e+02
9.145344005974548054e+02
1.938591916622633846e+02
2.880234585820414850e+02
-7.146539360026552856e+01
-1.937158819605431574e+02
2.660980642653523205e+02
2.768973711555494219e+02
-1.760491275041027279e+02
1.003301395675393337e+02
2.746182151229684791e+02
5.158256499755111690e+02
3.900442086141166556e+02
1.705856044787330461e+02
1.520987327183736397e+02
1.434935588889242695e+02
-1.941683547950532329e+02
4.970267060605954157e+02
7.266843831528937869e+00
5.303782913240545440e+02
-4.569522250435046828e+01
7.516792895050656398e+01
7.762922254554027859e+02
-6.754314062067709301e+01
3.133936490184701711e+02
2.146111871360965040e+00
5.746734462864375246e+02
5.968037143214083926e+02
4.683279118707489488e+02
4.587666527942452603e+02
1.128931323101791406e+02
2.377521609338710959e+02
3.151361321356596079e+01
-6.343833702702700350e+01
5.002002600333422038e+02
7.237978373008639892e+02
5.640323392504494677e+02
4.450762672298893676e+02
3.990918532199469269e+02
-1.302827904005600885e+02
-1.066993475506883016e+01
-1.436509175674623293e+02
7.098847674127981122e+01
5.811975693213773866e+02
1.953608362022754648e+02
6.573376216061960804e+02
9.058314820337102447e+02
9.131780678380791016e+01
4.037959290010983295e+02
9.629480815107491765e+01
-9.225805856523909654e+01
4.657699132107350692e+02
-4.988912170012338834e+02
1.247349952431763995e+02
5.720587360352096766e+02
9.652933890942528024e+02
2.197672673975522173e+02
8.061155241279939219e+02
5.473974660575042890e+02
-2.852070705972091673e+02
4.809870622621625103e+01
3.548536162078694929e+02
4.408857550911862972e+02
-3.060355431890842937e+01
1.100239781772003425e+03
-6.390853550442148645e+01
-1.068648524156687643e+02
4.273897778934922940e+02
-2.810260033003135050e+01
1.053725359001963255e+02
3.174409983096754786e+02
8.993799168193672813e+02
-1.122530909682316889e+02
6.596901887465612617e+02
7.073418491378293993e+02
3.072188354922068854e+01
-5.979987810204490017e+01
3.842468362930674175e+01
7.910831545956262971e+02
1.039861573469404448e+02
-5.101896220826485973e+00
1.783424002232846135e+02
8.594429942322012721e+02
9.830088567837148616e+01
9.719012366696662752e+01
1.286759682249189325e+02
1.937161893544807754e+02
1.189949562280242361e+02
1.070746310122229488e+03
2.166220248125414400e+02
2.298693216782116977e+01
