3.197639339245495762e+02
-6.365891410286196361e+01
-3.729463768732031781e+01
4.416822770336781332e+02
-1.120977998591689158e+02
2.218290186615103039e+02
5.013511206615374931e+02
-7.015230605507490225e+01
1.347019805416870497e+02
4.649330864305532032e+02
-3.059967423956318271e+02
4.462310894024802792e+02
-9.827865943815672267e+01
2.471730624291626555e+02
2.183759389906871888e+02
1.631108212096338832e+02
-1.931200052731287258e+02
1.428457919430699121e+02
4.859762128838203239e+02
3.527059050146053210e+02
7.064316165321968128e+02
2.904668514770813204e+02
4.691958524006239486e+02
1.167512381626023341e+02
6.756118764105769969e+02
2.744776459196787073e+02
4.712131302258793397e+00
3.503153330766031672e+02
3.664874006334711112e+02
3.071803323993855770e+02
-1.474061696609440162e+02
1.610687070776618839e+02
3.250612682569131948e+02
2.391721145498351007e+02
-3.012115088408079089e+01
4.492902478707351861e+02
4.157024101164756189e+02
2.823089694092519721e+02
1.550431282623891889e+02
8.464529592393042776e+02
1.838938158278326540e+01
-2.069611429244920942e+02
4.711044562130707618e+02
7.231135699024505357e+02
-4.855786101471372973e+01
3.207230946116248447e+02
6.481452609884242975e+02
3.834315354848394009e+02
1.212688664907540641e+02
3.575331325366927331e+02
4.154307725406259237e+02
1.393255805323172467e+02
6.233124060105049580e+01
3.503439646361208588e+02
-3.153405552936671086e+01
6.025430549895836521e+02
4.067940673347273446e+02
1.658309816306993127e+02
7.812748130400342461e+01
5.026654824422186039e+02
1.008621220437623975e+02
-1.413525810495195856e+02
2.517578286497019633e+02
-9.263950508593472932e+01
7.252198263982040771e+01
5.265601399538310261e+02
-8.902808565373990746e+01
-3.546395322201327645e+02
3.623084681651933181e+01
7.378796541512021179e+01
4.554389154336386127e+02
-1.676904063672110112e+01
1.636473222596938228e+02
1.412279520049794996e+02
2.970715766817108943e+02
1.255294188072049621e+02
6.108438641142791994e+02
2.556461335844447902e+01
-1.837641587006576742e+02
4.900392158802076779e+02
1.939665351029807141e+02
1.152649209572373650e+02
2.085879321465513101e+02
6.385767391072130295e+01
5.304116219932953982e+02
2.931323260024777824e+02
5.295520519503282912e+02
9.587053927589631996e+01
3.365494931661874602e+02
6.095599588955725494e+02
3.751291627756187381e+02
4.133032070015585759e+02
1.938804349468726684e+02
2.073439057708832252e+02
1.708695758739982580e+02
1.920061189686208536e+02
-3.509691541812160835e+02
2.214911395713928073e+02
8.323904550852311104e+02
7.014889023241808275e+01
7.545758267278675930e+02
1.065900863626769279e+02
-1.153843399016140268e+02
8.115725779457063709e+02
2.762163443235040106e+01
4.707630035739757659e+02
4.345947397750568371e+02
2.185804594391971705e+02
1.972982682119273363e+02
8.133108249470843703e+02
-3.391884976560259588e+02
-1.170865444133952735e+02
1.732590762881824844e+02
6.642271544365981981e+02
1.997601144390578725e+02
1.611149804982451599e+02
8.744332589173100132e+02
6.519647281095754465e+01
3.377262471664851091e+02
-1.363277616885645500e+02
-1.868001489950776204e+02
1.011225976682774501e+02
3.685654579737620224e+02
2.730799269088843175e+02
3.791780527269941103e+02
1.410511137104836621e+02
8.414570416083485043e+02
1.475602978144518929e+01
-1.018696729722566374e+02
-1.541387905856746272e+02
-8.461223770989526827e+01
-1.489586303728818848e+02
5.977806934273708066e+02
-3.232676779558397584e+01
7.502656398907914763e+02
2.218588038573186338e+02
1.290814142278396162e+02
9.348345709308271125e+02
1.872197757435191079e+02
1.114707601337121545e+01
1.899196727590157536e+02
-9.701134143319262648e+01
5.694496933610814438e+01
3.506479765368213748e+02
-1.935473841122037797e+01
1.942436229452398777e+01
7.213036253485697102e+01
6.282641826412749424e+02
2.048407574001673765e+02
3.350621814387023960e+02
6.054814259678965982e+02
6.113193504449088778e+01
1.193953967892731782e+00
1.221217815870118670e+02
1.538874648893944936e+02
1.442148473838701193e+03
2.086890599118141836e+02
6.566131909900518622e+02
2.259634136388234538e+02
4.183958714554842686e+02
-2.529195062975637143e+01
-1.311341625103131747e+01
3.852329346744483018e+02
9.480795434473211571e+02
1.945150993458346420e+02
1.493563349302733556e+01
6.525755632159866764e+02
4.802860211720014831e+02
2.862884396426711646e+02
3.681146566255733887e+02
2.816667591616743493e+02
3.387844945187945882e+02
4.150246472286593047e+01
1.605555654120721556e+02
6.997805909688147494e+02
1.259582279448722772e+02
3.968678409408054790e+02
4.791011357181931203e+02
1.300790425288996062e+02
-2.993933694222838540e+02
-2.625493955829418837e+02
6.807129925720481367e+01
5.974202446513312452e+02
4.371272733612661341e+02
1.045931278937174511e+03
4.372425344216217695e+02
4.592440343109012701e+02
3.403569238878664294e+01
-7.224522775750565984e+01
-2.574599767531547911e+01
6.587089901949318005e+01
5.874172369468914212e+02
6.393491705555492217e+02
1.389861142281478124e+02
1.169444474778169223e+02
4.373800526652647847e+01
5.210389808778440965e+02
1.498501409772605655e+02
9.113506043129910950e+01
3.600265709033136545e+02
2.081072169275143153e+02
5.956881365368371917e+02
4.651980841494974470e+02
4.281238063078677101e+02
9.675652363422787516e+01
6.258591942077634940e+02
6.659875597823074145e+01
1.347507522089693737e+02
1.580178883318111787e+02
3.328025295348984969e+02
4.887853538049922264e+01
3.395941380334947723e+01
8.517284315738615419e+01
-1.080971558604750982e+02
3.685928931967634412e+02
2.832374496443125054e+02
6.026749209989347946e+02
3.510226086649302601e+02
-2.401585149732314335e+02
-1.007979891270157680e+02
-8.878491928325672689e+01
1.582169336035374840e+02
1.827128257605592125e+02
6.394505066997927543e+02
3.516264551780119518e+02
2.930107226048254461e+02
6.566217853609747408e+02
-1.767879923786998120e+01
3.332206467542098949e+02
4.698747808156988981e+02
4.736617244410761174e+01
-1.337874030687227105e+02
4.844549580839957912e+02
1.048796706045346809e+02
8.862922591802808370e+01
-1.065471692503909509e+02
8.916436084187158713e+02
1.387505258862543940e+02
-1.109532257862467475e+02
4.326297358106526190e+02
2.733268422386103325e+01
1.393577028811361060e+02
4.042047062440621517e+02
4.743539458166299028e+02
4.626220087912307122e+02
-1.304206943371429759e+02
4.554667018807976433e+02
4.463115017084246006e+02
5.456605866640159519e+01
-2.420208611980636988e+02
3.211871483884883105e+02
2.594159836411473066e+02
1.973612751918676338e+02
4.240424714076439727e+02
3.007972235458188379e+02
7.155681080828284166e+02
1.071669299011307146e+02
9.701922107067568390e+01
2.555311313013063454e+02
8.450071796772853361e+01
3.397939259083396450e+02
-9.399396614121826588e-01
2.479802875795307386e+02
1.090080322064811185e+02
2.657690513787359237e+02
7.723731832137013953e+01
2.266941193168116229e+02
2.051600451803415694e+02
3.713114511626235981e+02
2.256838891099808109e+02
6.122141319969465485e+02
-5.773452071364843619e+01
6.378774720664684139e+01
-1.315395311553422459e+02
3.668040746801382284e+02
2.423188782546293680e+02
3.203108020963484250e+02
-5.860639311602420776e+01
4.874427675867668199e+02
3.419033542964435810e+02
1.891127853584383445e+02
9.213482851676649261e+02
1.382891681231098175e+02
2.408789584184894750e+02
6.925423908598825165e+02
4.292707337915664993e+02
7.755275158884769837e+01
4.447122841658497805e+02
4.117661004041475081e+01
5.088753822956271620e+02
2.126408222169244766e+02
4.885211878496321560e+02
1.954853919248515695e+02
3.446366088241368857e+02
3.886817904816974192e+02
-4.018071066263869966e+02
5.584368011956362352e+02
6.527086790553227047e+02
-1.150199120292024801e+01
4.589921012563211633e+01
-3.746195430430082496e+01
6.370978902605402254e+02
-1.712299061425606226e+02
2.162948117549923381e+02
2.310205422806125171e+02
-6.060436299210167022e+01
7.718256878177927547e+02
9.899908970677995512e+01
4.015890579606611510e+01
1.486929906258529854e+02
-1.325338844804259395e+02
2.253633707641160413e+02
-1.446353778029367163e+02
4.385750955368011432e+02
1.538058885893661909e+02
3.063411882414388288e+02
5.667811500729809495e+02
1.432391011841509112e+02
2.906829841352756603e+02
2.907572143767767443e+02
2.056045359786899951e+02
-2.006007333437420925e+02
6.495814704666520356e+01
7.196419980557606095e+02
2.575426743096676887e+02
-6.151645296758808001e+00
5.899148180333268243e+01
4.405964787620612810e+02
3.383294313984721384e+02
2.330769222258237505e+02
7.177107667849118400e+01
6.045130183525727716e+02
-1.379583163186721890e+02
9.326210092824462095e+01
9.611899774133568997e+00
3.144694376604011836e+02
7.027200843042609790e+01
3.525591713555386946e+02
2.504144486071698950e+01
8.233670480280659376e+02
2.723587417928201262e+02
2.663601000316035083e+02
1.057176049048876791e+02
3.070198110608543516e+02
6.452235277804086309e+02
-1.782626274962809418e+02
2.766801271850470698e+02
3.804601172784051641e+02
3.802087877105129223e+02
1.542256362544034687e+02
1.681695208931602963e+02
6.881697966922979504e+02
1.587530219369251085e+02
-8.277606398194666326e+01
2.560076534082419357e+02
1.998941341994569427e+02
2.318058779809156249e+02
8.914460696845501388e+02
3.650230833250997193e+02
-8.445764481243412547e+01
3.777439075379562041e+02
1.812939051114289555e+02
4.961599752334916502e+02
1.559206413197337326e+02
5.001670568890100554e+01
4.941026048280451732e+01
1.580745111277598198e+02
-9.614549966837920181e+01
-6.955499077467207769e+01
5.269544824212356389e+02
1.094844648238693026e+03
1.591264050874566180e+02
2.874964641468530999e+02
2.319083456480590755e+01
9.619321854087790769e+01
1.004717871637921576e+02
6.693828239726071843e+02
3.706708827424827746e+02
2.257260405725189401e+02
-1.291462861451226161e+02
5.412604072915411280e+01
4.069861365715335069e+02
1.999895016451993683e+02
-1.662050102549003441e+02
2.995104509013549432e+02
3.036188987815324367e+02
-6.481126362278794772e+01
1.208079531195000413e+02
6.001870752977515622e+02
2.542793399316236105e+02
-2.615903545929216989e+01
2.019592961808516520e+02
3.001736225032411198e+02
1.629091776819184361e+02
4.384840307028647999e+02
4.580462189336538472e+02
4.653995773115606198e+02
-7.735901191882108208e+01
3.467916422894088555e+02
3.182587695355755955e+02
4.539324093732137726e+02
5.000138458494961355e+02
3.277498813973640495e+02
3.287466084128113835e+02
1.906015417229017146e+02
2.185996059066784767e+02
3.522694298579216934e+02
5.934190767244315339e+02
-3.458833922020106115e+02
5.371412287670691512e+02
2.415027470790916198e+02
-4.586094409085650625e+01
8.386460725098227158e+02
-6.594981232463221943e+01
1.529709116417429868e+02
4.042586871824059358e+02
6.263737969648238959e+02
5.773514253684268169e+02
2.429294285716401305e+02
1.771377983721724547e+02
6.161348612421496682e+02
5.060253531468314918e+02
7.075918121293656782e+01
4.278737925404026043e+01
9.015786814774270397e+02
-9.387122641039260884e+01
2.949049064970520249e+02
-9.958786144194252188e+01
2.408622813383533412e+02
6.100994510432603875e+02
1.793766336172814491e+01
-9.532970129061763487e+01
1.215498309063121951e+01
2.703030331442527086e+02
2.568991735340765104e+02
6.292887302066817767e+01
2.454572234130247068e+02
3.483392902329450749e+02
3.455291775982206559e+02
-1.143278822843427918e+02
5.360571787043838299e+01
6.718389193733818274e+02
-3.363408616655988794e+02
3.967773375934931437e+02
2.871819132502449747e+02
1.476118619826507086e+02
3.593072075829743994e+02
1.151713486719294508e+02
4.427295266445083826e+02
3.040900315706774677e+02
4.003417401055596514e+01
1.557435950756115801e+02
-4.358370652766209332e+02
3.139290371634593839e+02
4.723070084670401911e+02
5.769361621693212783e+02
5.659637664787878748e+02
2.898477441182643588e+02
1.979976705313611092e+02
4.564688368385777721e+02
1.862963356467437279e+02
-2.493016539547335242e+02
2.716136986975590517e+01
3.915041658490507643e+02
2.769251313533702046e+02
4.364315285057290339e+02
7.673991027350020033e+01
1.779255276875327922e+02
1.189183466362086676e+02
4.125848192409981721e+02
3.911186369531861828e+02
-6.310987792132600589e+02
2.963496345505226941e+02
-2.554505097404755816e+02
4.050387512475750214e+02
2.482645529667344420e+02
7.516209910358508068e+02
-2.637314583214549089e+02
3.037329241329205161e+02
1.646096724081352534e+02
5.739468102074579292e+02
5.264216104891693249e+02
1.329638762309078857e+02
9.866102828951380843e+02
3.099501881791737787e+02
9.662868208781914063e+02
4.049316120123922502e+01
4.458513140478624450e+02
1.894622934374167471e+02
1.366767185879476543e+01
8.405400490414308479e+02
2.330376099718330067e+02
-2.427876988374441112e+02
2.742547287881650959e+02
1.160971609417956643e+02
7.664285983534024354e+02
6.296313640575466479e+02
2.326548416471154468e+01
-3.488533483973343436e+02
2.215586525719349709e+02
-2.049489518307360072e+02
1.140654951940273349e+02
-3.421548447968215214e+02
3.585111937822098298e+02
1.378363643526306248e+02
-3.487389193542686172e+01
-7.108691210414669115e+00
-8.643690121063968945e+01
3.031604705690957644e+02
2.932695411422077996e+02
2.125613393840164917e+02
3.370128295631921560e+02
3.128042058173095938e+02
3.288478693321550281e+02
-3.070577114429727317e+02
2.428196781190013382e+02
8.576785956727059101e+02
1.044683569423203267e+02
2.208913891661156299e+02
5.011123208036937058e+02
1.577330027360006852e+02
2.052047018257122204e+02
2.748831293811426235e+02
7.849065783120605033e+01
7.879617749645891536e+02
1.081554097578069218e+02
7.467358686727445729e+02
2.159626542131792633e+02
2.725795361718057563e+01
1.856012525600585832e+02
5.362642776814323042e+02
9.917064911963748841e-01
2.952171522609306180e+02
2.947996989794348792e+02
4.491085091570963073e+02
-1.033246081551831281e+02
3.954107071907446880e+02
5.272255722807020675e+02
2.306207610372872239e+02
3.781781120069355779e+02
4.304866604859033714e+02
1.992721616668269462e+02
1.352283785539486516e+01
2.443107514864950929e+02
5.701436628391470549e+02
2.990411993976774170e+02
8.374097022433474535e+01
6.944969185776976701e+02
2.666749472709241218e+02
2.285143645372949095e+02
2.448850561551828378e+02
7.425049400086970763e+01
3.974234688938194608e+02
-2.840972137520839169e+02
3.263854191168068724e+02
1.527057563100447908e+02
2.848606124521319316e+02
-1.062587342658714462e+01
2.371364859017241997e+02
6.933476600419376155e+02
-7.143590227473313803e+01
3.181511817316891779e+02
-9.788852493709562452e+00
-2.619962434803122164e+02
1.400731250546273827e+02
3.239628891250569609e+02
6.330183629181670995e+02
9.408099625187023776e+02
1.895991518132285307e+02
5.312726155121099509e+02
8.035300180143703130e+01
1.661558175185700748e+02
2.948938197781506076e+01
-3.206539130561722573e+01
-4.685376571764497839e+02
9.659119231093836788e+02
4.329027536915060637e+02
4.284713108223256199e+02
2.952251653732408840e+02
9.890564783419901573e+01
2.421122030863794805e+02
6.330668673573896967e+02
-1.038185203036292847e+02
3.633795180165727743e+02
5.998747687309321464e+02
3.735249367087043879e+02
2.996351378520419644e+02
2.373414751356771433e+02
1.274053898731743402e+03
-2.650102590416601060e+02
1.981037869898931092e+02
1.237322233181084243e+02
-1.163312246949895297e+02
5.351555672267448927e+02
1.015622972625962461e+02
1.831326187625215596e+02
3.928836356807642005e+02
4.377813604709061792e+02
6.466627776560238772e+01
4.112893199078623070e+02
9.308984847264912332e+01
-6.295281583353733623e+01
1.435403069114667289e+02
4.152149533797814485e+00
4.340510143577301960e+02
-1.491981908991203198e+01
3.917266833949634730e+01
-2.337585460037970222e+02
1.588733622431504955e+02
2.031807101650443030e+02
5.643532036257269624e+01
1.560698674464539124e+02
5.405817755211112399e+02
-4.306976129771727102e+01
1.455820940768644789e+02
2.397349084138283501e+02
3.430522338693531879e+02
4.360452633083212390e+02
3.816102257636291597e+02
-2.802376509854768187e+02
1.953138390652612202e+02
-2.264873866224608889e+02
3.781473685037901760e+02
-1.253901597405046857e+02
8.093812780831333953e+01
3.566267276918392781e+02
3.319654971106596690e+02
-2.265581090825818364e+02
1.550866100652755790e+02
1.253038162385140595e+02
1.031216330879890847e+03
2.830208601171194118e+02
5.237332577755823877e+02
2.238323431037297340e+01
5.445732352168638499e+02
1.825721708185819523e+02
4.443409277444079635e+02
1.269500291221835937e+02
8.583195242683005688e+01
4.789604122884936146e+02
3.261659584725189802e+02
-2.500137748605755235e+02
-1.135084145394520760e+02
3.791258151285082363e+02
2.409457384766807593e+02
2.303070478179024576e+02
2.706761127617779152e+02
6.064467821944048609e+01
1.397555956515444961e+02
3.555978532742828975e+02
4.296115743324203891e+02
1.988128173686476430e+02
-1.459457629498399456e+02
4.798731244767843123e+02
4.811721635390647407e+02
2.917730078480245766e+02
3.150535023471832119e+02
6.386418423947161500e+02
5.341516678367395343e+02
-6.102865887829748317e+02
5.499601495586787792e+01
2.718540577668096603e+02
2.001765943047379608e+02
2.539246010777897666e+01
5.923995286467036294e+02
1.173239489467379713e+02
8.335558778100963764e+02
-1.013196982522639189e+01
1.798950877991392474e+02
3.216370744431483217e+02
1.354231225390577720e+02
2.497981453223956123e+02
1.882631977192975796e+02
5.943507192928173026e+02
1.836585006297170253e+02
1.201224900030752565e+02
2.702989394895384976e+02
2.188172336730854397e+02
4.380239503088742481e+02
-2.217860817902562189e+02
7.481871451967248277e+01
-5.051073952475453410e+01
-1.289718382245569614e+02
-5.193587221641633960e+02
2.218250997431588871e+02
9.353063986007580155e+00
3.636491203114509858e+02
1.444721756498260561e+02
1.753309263114830969e+02
-7.414856124406515647e+00
2.733322304522595800e+02
8.084144870617147660e+01
-3.138435926478697979e+01
-2.224855710042110388e+02
9.531363545050950847e+00
4.015748729853775671e+02
-1.139933154352667088e+01
2.746145088792280831e+02
6.087095915315596812e+02
1.160345267454545848e+01
3.019245704937621895e+02
2.288729203413394657e+02
2.160971935181484582e+02
1.408135928363274161e+02
4.488234170760117792e+01
2.432868620890959903e+02
1.932756748137471448e+01
4.387244668394139353e+02
4.206667192586337478e+02
2.784384459165037811e+02
8.964542576669475693e+02
-8.777164870765558646e+01
1.712892886927492668e+02
5.270698313314674124e+02
1.233894908648086925e+02
1.645192135864052148e+02
-2.463970084024560094e+02
1.893044282195243682e+02
5.129167080271977284e+02
1.797654811559418704e+02
1.928469193248389502e+02
-1.274558649194496525e+02
-4.643530520852080912e+01
1.122442089062160164e+02
1.932854484064214944e+02
-5.961173140220075339e+01
1.115790107812518812e+02
-1.471547881008924463e+01
6.429777780533863734e+02
8.125369570743506529e+02
2.192930963582144841e+02
1.386517656734343973e+02
4.732921787046645363e+02
5.849286115217930870e+01
2.766065789370335892e+02
8.160912753067606218e+01
5.445153433586206120e+02
-1.721779897732639029e+02
-2.320220221214456160e+02
2.315597946606632433e+02
6.556938096479889566e-01
1.657075173402395194e+02
2.106380168428492539e+02
5.084173551949368743e+02
-3.827295362138102064e+02
4.866388619747374378e+02
2.135405481265813137e+02
2.289089639518016384e+02
1.958540330345222742e+02
8.460395473298055435e+01
1.016505502285701482e+03
-5.997089650140158312e+01
4.150717361266297871e+02
-2.877774873649560163e+02
4.646964289106863930e+02
1.305782713902230512e+02
-5.507140860306210470e+02
3.201799304603383121e+02
1.958149314232729665e+01
3.163413745295598574e+02
-1.811169974674736238e+01
6.502446470510375320e+01
-2.215859288141897707e+02
-4.370333483630741966e+02
1.578573631513003477e+02
1.513433824735382984e+02
2.634172154625106259e+02
1.471835748805686706e+02
-1.202757975709888143e+02
1.166016944005321250e+02
3.519292981901980966e+02
3.701782530392881654e+01
-2.107733384062825905e+02
-6.761003609714414608e+00
4.065568531944300048e+02
3.168729008458453222e+02
2.244534236490497960e+02
7.322417659352289547e+02
3.133804884621833367e+02
2.976552461868680055e+01
2.063045657018253394e+02
4.704224990970650992e+02
-6.648564663211290338e+01
2.636472516023379740e+02
3.617121186405018989e+02
2.079084741984899267e+02
1.539799180296476493e+02
1.222448646084884274e+02
-1.170354670170965932e+02
3.616187881665347277e+02
1.790920979759215470e+02
9.964696681131358673e+02
6.791128866350475164e+02
1.009268792898532467e+02
-4.101872336349742909e+00
5.891672802983224528e+02
2.418543536245527434e+02
6.276050632400222185e+02
7.736082715060407509e+02
2.105608347486524110e+02
5.073712111645035634e+02
-2.615447959919924870e+02
2.688207651751455955e+02
1.745133539342873519e+02
2.597453860331873798e+01
-1.946170224258912071e+02
4.100853442896681145e+01
4.776297564655611154e+02
3.736144260239503296e+02
3.471619702963558325e+02
3.068102438987666574e+02
4.050192430095275995e+02
1.185857601928615424e+02
-9.709283586191384074e+01
1.009582978577342260e+03
4.227987049821978189e+02
-5.383528145505929530e+01
6.739296358950208514e+02
1.016442956819505525e+02
4.076912230284617067e+02
1.598785449361243991e+02
3.262567205129865329e+02
1.904911571372554420e+02
1.156264328588330983e+02
-1.425672589319028134e+02
1.588598249926362769e+02
4.655244924073298876e+02
2.413031542078016400e+02
-2.490310037663383014e+01
2.126820174595488311e+02
2.452960704832583758e+02
5.225574031570306488e+02
-1.363444420924462719e+01
5.937192889017039761e+02
2.525764377376291847e+01
2.657652404961330035e+02
8.560679101484867033e+02
-1.631174404431988307e+02
2.127663188782446753e+02
6.228594368742272991e+01
6.495721153730692095e+02
-1.664061315751119423e+02
-1.239484731115593235e+02
-2.482636486864643928e+02
3.514121519655437709e+01
3.297712441985190708e+02
-2.556326801706702412e+01
4.222615639323702794e+02
3.692030294643911930e+02
1.381471694704152924e+02
2.441298722502667147e+02
-1.524966079705995412e+02
6.966372993360109831e+02
-1.006363131016681507e+02
6.120631477153941660e+02
6.980945563962505673e+01
1.924226558275618970e+01
5.383679460883903403e+02
-3.455596405736862380e+02
4.117463807115477721e+02
7.907131588718165176e+02
-8.001852211356691669e+01
1.060082615532760855e+02
-8.107103219912829672e+00
5.409281335313195314e+02
4.111631575696062555e+02
-8.794820693542160939e+01
-7.300660030752570151e+01
2.114480271547848815e+02
-2.144207564927610861e+02
1.608005329506135013e+02
1.161422065282019815e+02
-1.149051571334580046e+01
3.901099769997862836e+02
1.467766904611517589e+02
3.388106689151074988e+02
-4.956894936831525911e+01
1.783607799206409084e+02
3.022577942254811774e+02
9.810455782796045696e+02
1.069548648315652031e+02
1.395496010742792237e+02
2.552656456390668183e+01
8.776675944575946460e+02
2.347920446775471603e+01
4.752837473891231213e+01
2.074050712994878722e+02
9.624725342862441835e+01
3.833593292177417879e+02
-1.388628723738040094e+02
5.388803862784989178e+02
-9.197854750855934469e+01
3.812007079795860136e+02
1.118969741627898600e+02
3.700407495903102699e+02
5.714260023325792872e+02
4.226676280420480794e+02
3.428521435507511228e+02
8.975027024682325418e+02
-2.120963068476110891e+02
9.780225787505582957e+01
2.211334727747403406e+01
1.621287884580216883e+02
2.483877385367971158e+02
-2.479949222395490835e+02
2.581961358408096885e+02
2.135889731206605688e+02
4.640137933169982034e+02
1.697445427134804845e+02
-4.286691225130384169e+02
4.778179782402692410e+01
6.700397940830139021e+01
1.427115827561206629e+02
1.977332675727666924e+02
3.724304439813323029e+02
8.295593657296667800e+01
5.127076199310728271e+02
8.170125750417905692e+02
3.232240109613261438e+02
-1.070148351587782116e+02
-1.161972808354342845e+01
2.215856449166965660e+02
4.748385947833457976e+01
-2.783146569890632804e+00
2.250872681655089593e+02
-1.470306107720847422e+02
5.485547763615036274e+02
4.319969917549929050e+02
-6.716815298630231723e+01
7.282078907072095717e+02
4.937990031487059923e+02
8.391318892366231808e+01
2.892495910469923501e+02
-3.807647301497519265e+01
8.005293150793473842e+02
4.177509065995382684e+02
4.369128319359126067e+02
3.889542324494414629e+02
9.594827087037572255e+01
6.103028200873656033e+02
5.421177220442361033e+01
4.359616880890181392e+02
6.346679684533845602e+02
3.282720486289036899e+02
3.843749968781497728e+02
5.864851565052902060e+02
5.340801227091915280e+02
3.934970938906620859e+02
3.471233632830230817e+02
1.090871039813212917e+02
2.730785069628247470e+02
-1.215758299168662973e+02
1.067137436177526837e+02
3.890512796316095319e+02
-4.286407115579115725e+02
2.919042885389064281e+02
7.505412309496415446e+02
6.387746118658676551e+02
6.567966733947820330e+02
-1.906305411375561221e+01
3.102536216609072426e+02
4.975163601834050269e+02
2.394479540414139649e+02
-1.152953415767635050e+02
7.404711666727358761e+02
4.246895704867466179e+02
2.527377432651474365e+01
1.317760178019145911e+01
2.117402500895564117e+02
4.080678211963399917e+02
4.664989856837989350e+02
5.239954851285524455e+02
-3.056002084661551166e+01
8.958185483825410245e+01
3.743659869322253826e+02
2.210651395829747301e+01
4.353728784754468393e+02
4.434341563822295740e+01
2.836183574669551035e+02
2.225709090975171307e+02
-4.345994846229636721e+00
4.611490478402362783e+02
4.786401322990764839e+01
1.445009307972064221e+02
1.461700647039085936e+02
4.498591811482839375e+02
4.284799322973000244e+02
7.072048105465684102e+02
3.681468759383456586e+02
3.722263819494892232e+02
6.731636210301437018e+01
1.090544287333296779e+03
1.578655435766528399e+02
-2.173445634096495951e+02
1.841676202497573342e+02
-1.415025888612582889e+02
4.007000440369808985e+02
6.581828519901096115e+02
2.841865947309510716e+02
2.192792002294852978e+02
