1.478822299820711805e+02
3.280331086107980241e+02
4.354692072794161959e+02
-3.016641595813855403e+01
1.299408893678303514e+02
3.093354877298607448e+02
-1.316594478914074386e+02
-5.771568283967884128e+00
-2.108265855938663549e+02
8.427961977496311192e+02
1.878520629542557572e+02
1.041457003043910277e+02
2.035815510981577461e+02
3.654255109956245633e+02
2.170482122110909131e+02
6.256888241358625464e+02
-4.357481158020729595e+02
1.881750326394726471e+02
2.182348058180163832e+02
3.832700520370202639e+02
5.267704660907930929e+02
2.187874618646898455e+02
2.090423906400340002e+02
-2.819908564661883474e+02
8.110812057835856876e+02
-1.523384883166659165e+02
1.261449693247379287e+02
-1.418308946769869294e+01
-3.451240907181554007e+02
4.245320851355926379e+02
1.850298006824657762e+02
1.587746633234896763e+03
3.698552487720056092e+02
5.474809767087621140e+02
-5.008556619178897051e+00
7.112632230201616323e+01
-9.810144982010463366e+00
4.722593100351411977e+02
7.449175365882958033e+00
3.828173414212335501e+02
1.225721996003845078e+02
-1.907550505080877201e+02
3.007677279625298752e+02
7.622958949500178960e+02
-1.477038574179204602e+02
1.458667620074855620e+00
-2.386928490711273980e+02
8.060654849526358134e+01
3.115645806463163012e+02
7.217548131377521941e+02
1.613906756686388348e+02
5.658900188123529915e+02
-2.133378307086342716e+02
-1.432221706700778725e+02
9.448479643824654772e+01
1.702271088903544864e+02
-6.144616806620678062e+01
-3.013141978872643563e+02
2.420201226277845308e+02
6.285614379214966903e+02
4.420937921938203630e+01
-1.462355475132778224e+02
-1.374044880180949235e+02
-9.472129470212354363e+01
9.558660290903875421e+02
2.880826487449795081e+02
2.353407285692270250e+02
1.228601109593801368e+02
9.159125676804562772e+02
3.114468487351254566e+02
5.830414304005972781e+02
1.454269569956046553e+02
1.344726495917046520e+02
2.653993859633635566e+02
-2.009729448704167680e+02
-1.177734024702139806e+02
2.754724370729329763e+01
5.744483948225849872e+02
4.862263547253461411e+02
4.522378334650103966e+02
7.001407079148382309e+02
2.002655646003544803e+02
-9.882267911261882887e+01
2.921932035658923610e+02
-1.160764260160570700e+02
-2.390148018485162709e+02
7.556104747756808848e+00
1.887273554245931280e+02
4.570061039458873324e+02
5.576019370601477476e+02
-4.866768840018609126e+02
2.034122498387223175e+02
1.223205185606396128e+00
4.550234513951684221e+02
2.063916709402893161e+02
4.059044555144484434e+02
4.640622672370824375e+02
6.679629144016622888e+01
3.623547211052852504e+02
2.353854011792297740e+02
3.725624665165524334e+02
3.836005923908238628e+02
1.616810001220143818e+02
4.657500410419212358e+02
1.397492973161749603e+02
5.113590355488943828e+01
7.244792141464919268e+02
8.227822944661684801e+01
-8.868215433549696058e+01
5.321052118689368626e+02
2.961522349632331839e+02
-2.529120697949412317e+02
5.664285002249967960e+01
1.660283265151552428e+02
8.080438516392204065e+02
4.887602590743738347e+02
5.466574414836029518e+02
-1.769335692580721542e+00
3.184996233634358305e+02
5.032323532329681939e+02
1.247953744115677495e+02
-3.124127756069407269e+02
-3.731586845336839247e+02
-1.407663635133941114e+02
2.476852323932824902e+02
3.174054913820301067e+02
4.886412027974438388e+02
8.712858481209140109e+02
3.850960076938836778e+02
3.077503139132326169e+02
3.164840268876417326e+02
3.320467753148676593e+02
2.354396220899189132e+02
4.405531171302783378e+01
2.264608261211314755e+02
2.607645729323207888e+02
-2.452519835379774094e+01
-1.391621900203717530e+02
2.087556704736190909e+02
2.092031987007730720e+01
3.498106588161781474e+02
7.879075332394039606e+02
7.774148615263428042e+01
5.431276311472643101e+02
1.768085906196718042e+02
2.765546735591900642e+02
-4.447787757016819796e+02
5.573922990967605529e+02
2.703089184146728030e+02
6.252660381646055612e+02
1.054484103927422439e+03
-2.615190777815953993e+02
-5.385094312920841730e-01
9.435228793784546042e+01
3.412803101115189861e+02
-4.727325453348677797e+02
-4.040596008388142479e+01
1.439522412461287217e+02
5.984386432876193567e+02
5.660220917892089574e+02
1.279828336604561301e+01
3.357831296318836678e+01
5.203907305163056662e+01
5.421089623866810143e+02
2.631664183903997127e+02
5.759700936140425256e+02
-2.543518190723343508e+01
1.822800913708092310e+02
4.486569286299785517e+02
-4.593744881531335977e+00
2.136760898306380909e+02
3.337848888177231288e+02
1.585785151773916937e+02
6.401887860405389574e+02
3.238812863035513487e+02
1.009707013094450048e+02
1.946503358999117950e+02
3.411613047907536043e+02
-3.322199103715608004e+01
6.247397015483497853e+02
1.552152276841891023e+02
8.663291561012357533e+01
-9.266937583718992073e+02
6.512697181593681535e+02
1.555762033427494941e+02
3.338339708005108832e+02
4.946820802740950285e+02
2.272604208559353935e+02
-5.510248491147592631e+00
2.220495692501145584e+02
2.808269074364627613e+02
3.770351564470633434e+02
9.437132139445718337e+01
3.424290137316945675e+02
-1.537221928099097852e+02
-1.324102153109208757e+02
1.795179148639304287e+02
-3.036776186402673616e+01
4.180845927741210630e+02
3.892540746121089512e+01
9.136055530296002871e+02
1.073117666426496726e+03
2.622357786754164408e+02
3.944773393683272502e+02
4.671422498284585458e+02
-1.792158637859749319e+02
5.985516909486244685e+02
2.632684065124005883e+02
2.503162124692299813e+02
5.376300487695318679e+02
2.686964840282780642e+02
-7.856204073679634803e+01
4.461150078832893087e+02
4.309497155936897457e+02
-1.304001441955577718e+02
1.123957607926246737e+03
1.363590006072658696e+02
8.190859159801794931e+01
4.058011325920122090e+02
1.576298310315444724e+03
6.894318669724232223e+02
7.491004294779692145e+02
3.796252583236841360e+02
4.382990809651969357e+02
5.050317015422468785e+02
2.420272696048603507e+02
1.351742955677918019e+02
7.120209253095133590e+02
2.064788856045180978e+02
7.066861489341433753e+02
8.167275402371969903e+02
-3.652847725011212674e+02
1.633299868255600700e+02
3.013489942084000859e+02
5.310934149840608143e+02
-3.047634287820651480e+02
-8.038236642894362660e+01
-1.268057052134481353e+02
-2.720067625540202698e+02
-1.406038039807270934e+02
-1.427638117707203946e+00
7.110294462193779736e+02
-5.674918728461527451e+00
1.304099525474278778e+02
3.176034603701634182e+02
5.507653431678663480e+01
-2.379962687691905785e+02
3.521047235809795950e+01
3.623098822654825426e+02
-9.093837881443549520e+01
8.145865732676870152e+01
-3.006266807457361097e+02
1.434581902809811425e+02
-2.018579815161459692e+02
-1.322530770563205351e+02
2.163275342429770021e+01
3.742985431610973137e+02
3.643011157323882117e+02
-2.703268280933281744e+02
7.414187211077309314e+01
8.699887235055316523e+02
4.864842999001075441e+02
5.563127662788778025e+02
1.385823233692719327e+02
1.294914161144959053e+02
4.169714856036675883e+02
5.699179279273805321e+01
8.110744702593657394e+02
3.773406957629791805e+02
1.002079354622770921e+02
9.826509533818082787e+01
2.567656692651610797e+02
3.203884276108021254e+02
-6.210602821497899129e+01
7.231905850778966851e+02
7.350400943818490305e+02
-1.441747621520266307e+02
6.666551524522737964e+02
5.004602323166342899e+02
6.382449096496415564e+00
2.075645726321793347e+02
5.435716415046891115e+01
6.474869316598503701e+02
1.516735367336718525e+02
5.152168962249835431e+02
-1.246917441308410446e+01
2.058484474320023594e+02
-2.053552867143411333e+02
-1.880269028176768700e+02
5.438647496911026735e+01
4.439483976273718326e+02
6.756605410887181051e+02
6.180272808364699131e+02
3.173974114529428334e+02
-2.322414650499144173e+01
9.134992603604911210e+02
1.030837859333520555e+03
1.876715220240979818e+02
2.027470631995332724e+02
4.736020204298482668e+02
2.949052094233996968e+02
4.780520868769996241e+02
1.913358908341788833e+02
3.937598674316686242e+01
1.231545639019720397e+02
2.253591843157054200e+02
1.142903337540915629e+02
1.963832686154878786e+02
1.059025997846377862e+02
-5.707419198912024427e+01
1.662972252146901724e+02
6.222311984119476165e+02
5.863053214222176166e+02
-1.635707336337779694e+01
3.511871313144904434e+02
5.540439106688918400e+02
1.548198683013396248e+00
1.824696006591997275e+02
3.974990497338163209e+02
2.200662164922251236e+02
-1.053924084031623636e+02
-2.658038923086088516e+02
7.337108904617607550e+02
1.109473647963226313e+02
5.234447981573107427e+02
3.534096672012514091e+02
2.632377756492037975e+02
5.772745473803480536e+02
5.844531742244222414e+02
6.010134175367849139e+02
5.460424217550602179e+02
-3.312491882406052923e+02
-2.433542684913639960e+02
-1.373997796199547849e+01
-2.424267762818195138e+02
2.046040983223133480e+02
5.249575912704594316e+01
4.239431372434949026e+02
3.917295514364376459e+02
9.798681173645491072e+02
3.306072253087208992e+02
5.200078395145962986e+02
1.023123804497688639e+03
6.377450273561211134e+02
3.689951564728204971e+02
5.754383250480405820e+01
7.293302814388204069e+01
2.023007509204940959e+02
-5.307056849431355658e+02
1.181491496393774696e+02
3.775444040687050915e+02
1.645779427200357645e+02
1.601454206602819283e+02
3.671315473266186586e+02
1.331075359236212421e+02
-4.644432645873018828e+02
4.825133808926744905e+02
-2.399906445037519802e+02
5.348339541561529131e+02
3.713992104708387956e+02
-7.745892240596027989e+00
8.973527397548983799e+02
9.634158078913625332e+02
-6.789145524696762379e+01
7.798978102150009590e+02
6.099920161027367840e+02
2.830357416773853174e+02
2.409509824172141634e+02
1.132915210220737023e+01
1.101445996258653850e+03
3.017574515883869708e+02
8.846785714208149329e+02
1.600625612959101716e+02
-2.348541813533000493e+02
-1.589337802176916341e+02
6.233376637142721393e+02
-4.700216019588388860e+01
4.609782382390662860e+02
-1.379837384566434935e+02
1.022904120057286718e+03
2.966561653880609128e+02
4.463899451399070699e+02
5.375628706950788001e+02
-2.617442580659955809e+01
7.104029043064831512e+02
4.956033291025626113e+02
2.812107428631703669e+02
3.098977148258979923e+02
5.416895113969277418e+02
2.090398335862987551e+02
1.125010223214139558e+02
3.378177475191169492e+02
1.244159582821236199e+03
2.937745769424267905e+02
1.074184355784779115e+02
2.050945460328433114e+02
9.014037875351477851e+02
1.954612858408343072e+02
2.510566612987440465e+02
-1.594973164164984780e+01
5.398257950599341939e+02
1.319010185635904122e+02
-4.210554169299551575e+01
6.976196847304780135e+01
6.945178140959893653e+02
-4.288525424593915147e+01
-1.394793997715056548e+02
1.614222490639774605e+02
3.898414340080193483e+02
4.806405799572121964e+02
2.057450494920990991e+02
3.605933021455341958e+01
2.883468210775283183e+02
6.015127873640342386e+02
3.618753924561856365e+02
6.995001356509177413e+02
-4.944250802267231393e+02
8.622298080388854942e+02
2.658916976641571637e+02
-4.628013010697081597e+00
7.997155598805338172e+01
4.025829633915404315e+02
5.335907495799626759e+02
-6.290509578621782794e+01
1.464937570510974183e+02
1.592326241857510638e+02
1.583339248858382007e+02
3.956069553972950530e+02
2.291947619215142140e+02
1.118821561204095190e+02
-3.260917180593558129e+01
2.982864362064450461e+02
8.496655503126942222e+01
6.937008409073952180e+02
-5.235444619054984372e+01
2.499368998048916808e+02
8.608710094820249878e+02
5.001754545303892883e+02
2.778994531406067949e+02
7.581808422628087385e+01
2.559402742845043406e+02
3.370191880537548457e+01
-7.674610427985547290e+01
5.825716915916257221e+01
8.940533404749679676e+02
-3.429487592343873530e+02
2.942333935020929516e+02
-2.174022424446328117e+01
7.146981528480695260e+02
2.405993778467277195e+02
-3.251540297520283218e+01
5.786222449648636257e+02
1.075913337766545368e+02
3.957173826135345394e+02
4.011090473494310231e+02
2.179829052890048615e+02
-3.128950970492743409e+02
4.861896523237990664e+02
1.205569337693649913e+03
3.855838262458712506e+02
2.288029861552558089e+02
3.940839404906841992e+02
4.909308985053499441e+02
4.340094976808484262e+02
2.123738845335744543e+02
6.422101893441897573e+02
-1.141399358715139130e+02
5.536105308195344605e+02
-8.969383155318286072e+01
-2.220228610754619325e+01
1.576099898114884184e+02
3.958692213009160241e+02
-1.990675181272980581e+02
-1.161016517380897000e+02
-2.262801124461524438e+01
1.082426310396083409e+02
1.470497975737841614e+02
8.641686291888871665e+02
8.139849694316985733e+02
8.099793975455490909e+02
-5.912458819743567062e+01
-3.275314106352257113e+02
1.961071728205306499e+02
1.239212270629259223e+02
1.727032905199393156e+02
1.709493152243038594e+02
2.164079152535386896e+01
8.166574131762370143e+02
8.980916249466188219e+02
1.052454739727087372e+03
4.386705529950722848e+02
6.726248476845545383e+02
-3.194831427293598836e+02
-5.852631898381877562e+01
2.594683572586396849e+02
1.061985343969265841e+03
3.459735869216227684e+02
-1.948730737081530719e+02
2.893143899813982216e+02
-1.779756769284543338e+02
3.044752911566199600e+02
-1.705839872891972107e+02
7.882284692920461566e+02
2.778498101050567470e+02
6.872163655691458644e+02
3.969979732208521739e+01
2.390254949025910776e+02
2.316363400424220913e+02
5.617501795548697601e+02
7.865243530557684153e+02
4.856821601319763460e+01
3.129706679192659635e+02
1.082674502123138609e+03
1.397239756581612937e+02
-5.569425072961149681e+02
1.992743734850699866e+02
5.942826337822340292e+02
1.849734317480835557e+02
7.191311006238421442e+02
7.998676600495289222e+02
9.400669507619048773e+02
3.199906607085885071e+02
3.936507611994161380e+02
3.775760337559911477e+02
4.803923094545141907e+02
5.546194423593868805e+02
-2.703487337473900709e+01
1.344559311341638704e+03
-1.980638493901955712e+02
2.505316166354212442e+02
-3.888023893524799064e+02
6.016557131799619356e+02
3.990906400999608650e+02
5.634015307138675155e+01
2.822059096606434423e+02
3.243184366577763171e+02
7.421366423437714843e+01
-1.527246533741824663e+01
4.631934820946556215e+02
2.560553507311706767e+02
5.835535834854234736e+02
4.454497647964919338e+01
2.682553566790707578e+02
1.977443284536494161e+02
4.701291925662357585e+02
4.732547894534736344e+00
2.798805112918928444e+02
6.570649866704705744e+01
1.712795341898928996e+02
-2.622965667275525448e+01
-4.628736857894755019e+01
5.454083525475500664e+02
3.228446542866472555e+02
-1.118103217199929560e+02
3.496680762078339058e+02
1.045108793850172788e+03
6.555212214969309343e+02
1.476439320858075916e+03
-1.456451628589246923e+02
2.175329171267625838e+02
3.942501353052493869e+02
-1.394130857078304189e+02
1.078044729862598530e+02
9.082097692962443034e+02
2.823210758063383707e+01
1.829543817337599165e+01
-2.219668182416716462e+01
1.593765144112955170e+02
3.318744741613334668e+02
1.048369641293102859e+03
1.946264833406650894e+02
7.319278582681491798e+02
3.187167948575006449e+02
5.292931844592445714e+02
6.172158095258592994e+02
1.155505184774221732e+02
1.253771301058955459e+02
5.502577017644823627e+02
1.939335823382054684e+02
1.871672518822475411e+02
3.440991914303569388e+02
5.576573878314080730e+02
3.195291672388204347e+02
4.013872014377994901e+01
-8.372697511096865242e+01
2.078473668686237659e+02
5.284482900031036934e+02
2.549647055545103314e+01
4.994915886858797762e+02
9.135683289159352682e+00
3.428957308500102386e-01
7.100599276060169984e+01
3.112939246837754013e+02
-2.167800001174408919e+01
-1.093889001656164623e+02
4.383496553384648564e+02
1.359867125308077789e+02
7.982359177382600990e+01
-2.118917101779860843e+02
4.872281404753333334e+01
-6.214231174082997455e+01
3.012769107525995196e+02
-1.479017598898385017e+02
2.602649120642032017e+02
5.335818133860759644e+02
-4.813158807707691977e+01
-2.578460312448734015e+01
4.486420453451800086e+02
6.860390508442263808e+02
2.927394849731334858e+01
4.880298366099845566e+02
1.679742585022463572e+02
3.297560395589944164e+02
4.591287248023308507e+02
1.273413141709801948e+03
-7.515097266811204690e+01
-2.078026793114610271e+01
3.462098084927266939e+01
8.604642675632395594e+02
2.878219970171019781e+02
4.847120219091017930e+02
-1.497539129973272338e+02
7.973126179687267268e+02
5.132272717700805060e+02
2.796868141908068424e+02
5.912498294243514465e+02
2.697926938040065465e+02
2.499059155451701599e+02
6.366869623566739165e+02
3.202522483076063509e+02
5.369055920031971709e+02
7.123279573574848200e+01
2.654502363807035863e+02
5.772049754980911302e+02
4.525613635794175025e+02
-2.759247757856803318e+01
4.114565243019734453e+01
3.663460299705051284e+02
5.095699619139765559e+02
2.618732543668088510e+02
8.206695590149231521e+02
8.723379984048874292e+01
1.761510177484906592e+02
8.333223971595535318e+01
7.941080696126222165e+02
6.113020310719501538e+01
8.455483665929864401e+01
1.209480810772352015e+03
7.172345943406759261e+02
-6.238530422241204576e+00
2.766406857223871611e+02
1.684212038933123665e+02
-1.290114366955358349e+01
1.050711064482264305e+02
5.400415563386484337e+02
1.310028295795883082e+02
1.765500733376508720e+02
1.046165404276541722e+03
3.908071279925002273e+02
1.093691855013607039e+02
-2.721545369568819410e+02
3.182862321111422261e+02
4.899037718894657019e+02
-3.243818282257964256e+02
4.667231287138287712e+02
1.834757849271680925e+02
-1.553647636672573356e+02
5.203134017007425882e+02
3.471204822647034689e+02
-6.027118891900141051e+01
7.505215256621520439e+02
4.618279226381919784e+02
3.305261257494121310e+02
5.680408044359420501e+02
3.101532132619223603e+02
-1.972274522790211790e+02
3.780427161338226369e+02
6.050081238262173429e+02
1.863324757022797584e+01
-2.988602485590138258e+02
-3.784327536364087337e+02
7.740824435093341549e+01
2.859186647965489669e+02
3.446163053503468632e+02
-2.257090920588460392e+01
5.757479942173391692e+02
4.505168263849573691e+02
3.773845854183206825e+02
4.316784849488141731e+02
1.979813668365910360e+02
5.279474319634535107e+01
3.136026097277303961e+02
-2.726083712555433749e+02
1.763936443515452623e+01
1.143333600927067835e+02
1.729517460163140754e+02
5.100475607642333102e+02
-4.520195507733691898e+01
4.605298065811790593e+02
1.491501797225131156e+02
-2.452486196611374965e+02
2.931119981519859721e+02
2.780124590882591065e+02
7.103977643024513782e+02
3.769543637245395757e+02
9.655002540515035037e+01
1.867683341931433176e+02
-7.776150245332560473e+01
8.108092016824923576e+02
1.633176846481281075e+01
3.209178399298741056e+02
1.506103908067335908e+02
3.894800228445375865e+02
1.086498790860681254e+02
5.636402386333395498e+02
1.102636961637565491e+02
2.276427396026566328e+02
1.643607399679585797e+03
1.371426267402462145e+02
6.043632665484625477e+02
5.580346270917896163e+02
-1.026290951990747402e+02
2.026786275586484862e+02
2.231485265995820839e+02
4.638847406918729348e+02
7.953532189449687166e+02
3.487688327550389999e+02
2.288597767768229971e+02
2.841277623233268557e+01
3.482640038514484786e+02
1.193350799468782668e+02
8.013749173007432773e+02
-5.374930990207192849e+01
3.209881603079354591e+02
-9.247899483316388114e+01
2.635711048294108991e+02
1.461525871892237660e+02
1.018363413929025569e+03
2.085516954805000864e+02
1.766820484994232174e+02
2.371694969924464260e+02
3.845954873647331738e+02
8.881767796866818117e+02
3.288842044916649456e+02
5.008874632404284739e+02
2.936594534943627082e+02
-7.801479253383169521e+01
7.120661118225158361e+02
3.898794298349113205e+02
5.280103229259387945e+02
1.948575543145252027e+02
7.042187968967274401e+02
5.891160499513723607e+02
-1.734222257779168217e+02
-7.877087954845309241e+02
1.619399472028231344e+02
-4.935208504199907793e+02
1.405980401278072520e+02
2.161123283783506963e+02
3.030186409904459310e+02
6.246726129542560102e+01
-8.142859042604821695e+01
2.570961371038376910e+02
3.736934390322699073e+01
1.284153438956918762e+02
6.533968468674611358e+02
5.663908972099271750e+02
2.241784710742766151e+02
1.963701889773449238e+02
6.766365943708679254e+01
2.567093922198709492e+02
2.056496498342880273e+02
4.294187021644028164e+02
-2.588669102941095161e+02
-7.338691876810065651e+01
1.860897947913722987e+02
1.680797278289083962e+01
-8.979270549569019977e+01
5.263754658987975290e+02
3.776852259538133012e+02
3.761168325698924946e+02
4.272568211701981227e+02
1.291648328010444118e+02
4.222019717815057760e+01
4.228842092284301657e+02
1.040825538503675261e+03
-3.538301373197845123e+02
5.968540275754131130e+01
1.931227130480562266e+02
3.638603556446283847e+02
7.369385360988067646e+01
-1.165034748098358648e+02
8.604131819021874890e+02
-1.372730464817596499e+02
5.479275836744019443e+02
7.710912622842314477e+02
5.945146548972479650e+01
1.711507872045054910e+02
-2.415491012871612213e+02
8.415328895054872191e+02
4.309038411585868289e+02
4.409649663097297889e+01
7.219194060806330526e+01
5.457667282929854764e+02
2.668901698943917040e+02
1.163833981845716323e+02
-2.719091664316131585e+01
2.428282413454779771e+02
-3.385545704220346863e+01
2.392868362196652754e+02
6.673523207082488398e+02
6.762542467383979101e+02
-1.381371423406029919e+02
1.017120784822004225e+03
2.633791499516656813e+02
1.806539596104840371e+02
-7.546736183291321822e+02
1.728670500618678716e+02
6.693857895719834232e+02
4.311758901534598749e+02
7.444275059890588864e+01
1.727567642790835976e+02
4.268566147679783285e+01
4.664966193579662104e+02
8.742606493239927090e+01
5.162739984400303683e+02
3.379028964033292937e+01
1.043201105976933860e+02
-6.178344482770262402e+01
5.181804622583611035e+02
4.292749341471172784e+02
5.270739961361481392e+02
3.669558003364037972e+02
1.975489374536997218e+02
2.438268599546234441e+02
3.739632379843028502e+02
2.797155576786386746e+02
1.664942305852353854e+02
1.894060703499073952e+02
8.208217163558654761e+01
6.960239413800527473e+02
5.131844277810556605e+02
4.341380677804741026e+02
2.471012756787115450e+02
9.584300695956136451e+01
-1.119438772042765606e+02
1.203305893415288352e+02
-3.208989836558200182e+02
1.931551846062067455e+02
2.530521503766049705e+02
-8.440698774069841193e+01
7.254349940712115767e+02
-2.201092969146507983e+02
7.377004758709443877e+01
6.057699878820285448e+02
4.190797633244844178e+02
-2.171494621854898242e+02
2.053487827743904290e+02
-3.176452207585354017e+02
5.427900229306872859e+01
6.317871739830112574e+02
1.566896786492662841e+02
2.119223104947785714e+02
1.342712152061581889e+02
2.680713467652411168e+02
1.878284935453299340e+02
-7.889298778162856252e+01
4.996504785744498349e+02
6.341236947725263917e+02
3.857892768608368215e+02
-4.626529707707582162e+01
5.394852471773796196e+02
4.984443867858335011e+02
-5.103811257887282409e+02
4.158989476461194954e+02
-2.606861722784630047e+02
2.973551383903689427e+01
2.046264271277667888e+02
2.151823614529607767e+02
1.737459650243028761e+02
1.117806660854623487e+03
5.974270641283201257e+02
4.023579578504533174e+02
3.857088347811375684e+01
-1.241288815353530879e+02
2.370506153813149695e+02
2.401316507175642982e+02
7.368632683689323812e+02
3.050089444411819386e+02
4.512501584750295933e+02
1.573863233825872783e+02
2.446556455799905052e+02
2.957634084216336987e+02
5.607846474835756680e+02
4.148706589101124109e+02
8.812874266640330916e+02
3.172617044436640299e+02
8.279984975155203983e+02
-2.191187335171653672e+02
5.409155170940049402e+02
4.790384326045628427e+01
5.623277953483775491e+02
1.865272076186957690e+02
9.429902138342281859e+00
1.161703054784554325e+02
-3.296869975933427099e+01
5.155553320108456319e+02
7.123836527072481886e+02
6.359640470985192451e+02
-8.800995062326262541e+01
3.870160064540560825e+02
2.926273058105907126e+02
4.834017821854944827e+02
9.416072019626516010e+01
1.386203720483624124e+02
4.953853394199306592e+01
6.531310458883949650e+02
-1.671056911211866804e+02
1.687413366249703586e+02
9.486108477481454315e+01
2.212822304683005825e+02
1.300713188163169320e+02
1.884013708817525981e+02
8.480470227624367681e+02
8.643191532443401002e+02
2.963631205176350250e+02
-1.734109802510119778e+02
1.870109864359842732e+03
-1.532048373156186472e+02
3.423067914006367687e+02
9.675986838949727371e+02
9.077693827644600333e+02
-7.043543087232058042e+01
4.028602828701011163e+02
3.609430964587945567e+01
4.657084169105815477e+02
3.850443788914000152e+02
5.602719591310308260e+02
9.085832844243734030e+01
-1.658315540133548893e+02
3.629672190475624234e+02
-2.564360418478597481e+01
2.617218099079651665e+02
-4.262765881700001387e+02
2.208623678084903759e+02
5.357552026871106818e+02
6.037878374378191211e+02
4.609841091744574442e+02
5.513015382276793162e+02
1.467006428898912645e+03
-1.842291233169485167e+02
6.004512875536147476e+02
-1.067405252983577384e+02
-1.610975620137658950e+02
3.968730377070036184e+02
7.057607581260424467e+01
5.476377157624967822e+02
-2.576066160300437673e+02
5.461294811700577156e+02
2.333044492173850699e+02
2.274078291915931800e+02
4.436512698680252242e+02
1.988939966294047679e+02
6.173281405032197426e+02
2.636447211088391214e+02
-2.606031853492215760e+02
-1.882585580316178948e+02
5.378479170835981904e+02
3.448439835773634172e+02
1.116072133787677672e+02
-4.157551211952176118e+02
-8.359573988043213433e+01
5.190965264131318690e+02
1.739763536189152831e+02
1.855826735957494691e+02
2.975340799428545893e+02
7.144384030177924672e+01
4.749198665653768217e+02
3.075126289582514687e+02
1.546999803649180478e+02
-9.608143927460204736e+01
8.565012028081822848e+01
6.274154295671253294e+02
4.390845054962325378e+01
6.835395621093559839e+02
1.349087243421280959e+02
4.928960977554993974e+02
-5.154946429081486059e+01
1.510984450010364810e+02
6.855798402392392745e+02
2.004473231493100229e+02
1.806950065348676659e+01
1.706189651745298193e+02
9.418844972158154860e+01
5.422135987355900966e+01
2.141550374493431264e+02
5.797888329978920297e+01
6.828097669541875803e+01
-1.636811328161156780e+02
-2.171409981897993191e+02
