2.519547426927729816e+02
5.387073862673289568e+02
-1.300598942338337949e+01
2.470785375129369754e+02
3.049152785592794430e+02
1.231808252299202593e+02
1.053508029189736135e+03
6.259110915951478091e+02
2.188452284560162866e+02
1.616341663899603418e+02
9.797229900524541790e+01
6.681645644633691461e+01
4.409757913915522067e+02
-7.938287809125014860e+00
2.600997775391371079e+02
1.566538891350707274e+02
3.459103906424060710e+02
2.229581617676689973e+02
-9.734464655361453111e+00
2.911895734704646799e+01
-8.517664711105830122e+01
1.477377383316808448e+02
5.450809683376891144e+02
2.405210334864127617e+02
3.757260367637416607e+02
-4.811024342641509577e+00
3.300755883423674391e+02
3.437805145204886514e+01
4.880565533869356614e+02
1.657421187560531166e+02
2.888441168804987669e+01
5.976655202640921516e+01
4.769922595242136367e+02
-1.451961859822660017e+01
2.044402255844518947e+02
-1.823028546598828470e+01
4.844590030874097124e+02
3.737955355062884450e+02
3.151668692385167105e+02
2.257034794218219531e+02
1.368888159021585977e+02
9.845037566389510886e+00
5.240972407587249791e+02
6.572563734782169149e+02
7.121478614882605598e+02
1.561206773297226960e+02
1.075818089355876509e+03
2.584654154553124386e+02
2.656299602096460717e+02
5.387849279976099979e+02
6.051104103602293662e+02
8.924129093220166169e+02
-6.775405822991683635e+02
5.664131752495425189e+02
-2.078638130614945112e+01
5.449036917639148214e+02
-3.021400417527690934e+02
9.841112944500486037e+01
2.567462018515905697e+02
-3.740843572921780691e+01
2.945742880211771535e+02
3.312565306082410643e+02
-8.863914229095496466e+01
3.236882655191895424e+02
-1.421372867666551087e+01
7.133896467004268516e+01
-2.471366666259140743e+02
-1.025082259251051084e+02
3.540866631831569578e+01
-3.830951748040961320e+02
7.347555813987250986e+02
2.611831524135408245e+02
2.769767270635841214e+02
1.782466421684437137e+02
3.829726042667331853e+02
4.130426804368139528e+02
4.211978974870934849e+02
1.868376163630832991e+02
6.735020187012676018e+00
6.300532366282532593e+01
5.598414722517527480e+02
5.720389893395296212e+02
4.836737611032647237e+02
6.464526895953153485e+01
6.400733131933116056e+02
3.504136900967930615e+02
1.065627021212769421e+02
3.474778430087088736e+02
-2.492541119503723053e+02
8.904436180277929225e+02
4.889524336798323247e+02
3.741858749385437477e+02
2.850280339078622660e+02
2.732272999960106290e+02
5.730515109568913203e+02
8.546336662463796756e+02
3.019917142945903947e+02
6.799504155153369993e+02
9.990946372699622202e+01
6.216019314154012818e+02
1.585901161745457557e+02
1.409303038100085246e+02
1.206882035744515207e+02
6.896809795795218179e+01
6.992704409994078105e+02
1.356409994365572516e+02
1.147019795355638081e+02
3.925898864665330734e+02
8.115393186469319176e+01
2.168041601516217156e+02
-2.793238146450512716e+00
1.090716639163634056e+02
3.853371784574518699e+01
1.929906425002304502e+02
4.519033247976224743e+01
3.209804619500865641e+01
6.156809855545329810e+02
2.013119452635373818e+02
3.754622868779885607e+02
9.247000170345921788e+01
2.031797333679348583e+02
-2.490274222590726652e+02
-1.036057776205672099e+02
4.713474590906328672e+02
1.875842194064623811e+02
2.834117936167619405e+02
-2.269806687185403860e+02
1.167453473660922612e+02
3.346899843158991530e+02
2.457165845132656443e+02
2.791652516915645492e+02
-8.647790163153160847e+00
1.276750574392007422e+02
7.118116818007296160e+02
-1.971949192446695065e+01
7.136153871889035827e+02
1.310983852784781902e+02
4.204231008202038566e+01
2.505463949204707887e+02
4.492900106189488838e+02
9.112009125430070071e+02
2.649846185786504975e+02
1.831247171148252733e+02
-1.007186462024480278e+01
6.109528658993865520e+02
4.208643669667563927e+02
-5.669377809703968296e+01
8.637188689880566699e+02
5.353315173986963771e+01
2.042389719233546543e+02
-2.147067930112943657e+01
5.307104260211588098e+02
-1.081215595884895464e+02
7.446831407205110054e+00
-1.406512607903184460e+02
4.694834442401424326e+02
3.859084760951198518e+02
4.047491881056516831e+02
3.896270107138620915e+02
2.593449781189295891e+02
5.124226461437643820e+02
4.544457418264764215e+02
2.190259177536546531e-01
2.783617575741335415e+01
-2.701756920168128318e+02
-2.870668343707295662e+02
2.010116912458357064e+01
1.812044411338796976e+02
7.065945534961988983e+01
1.469386834738697019e+02
2.696051827582172109e+02
1.830025731649982390e+02
6.758829598422036042e+02
1.653152562868273989e+01
4.164251812498784489e+01
-5.745484974209123408e+01
5.418260042370036444e+02
4.642006146279493350e+02
1.231641072021414729e+01
8.310978626306692263e+01
1.054862651158142057e+02
-4.274542646016958543e+02
-1.103520203006716827e+00
3.753034048980569537e+02
3.106634897898653662e+02
-2.344171879722970289e+02
4.505558828098559161e+02
2.915351107061752600e+02
3.069957094510398861e+02
5.464052250777884723e+01
3.491053265962677870e+02
-1.240126484212044602e+02
2.517461898203876558e+02
1.744877767124872037e+02
-1.568247540387097843e+02
1.102065172430603894e+02
-2.917687950532823038e+00
9.298863354538654846e+01
3.789447648196509988e+01
1.468654961080770533e+02
9.855586069530829718e+01
2.897898959622733059e+02
1.858697769515739537e+02
1.661816844988855735e+02
1.963421708407066149e+02
2.762326967192198595e+02
5.252233661056741312e+02
5.890907029141908424e+02
4.901719753007797920e+01
2.898719569339326654e+02
-2.931400803080307469e+02
3.034270296233681847e+02
-7.243850117198604721e+01
2.035173763918989778e+02
3.218600066299638911e+02
-1.443019383835361111e+02
2.904126989852543375e+02
5.408208641147682556e+02
6.787276781664165526e+01
3.792636211699224305e+02
1.765394255315047758e+02
8.510261054977422646e+01
1.633767843619264113e+02
9.666713712867405661e+00
3.729337773171197057e+01
5.851882258768653173e+02
4.572311505628725286e+02
5.243133562242109065e+02
4.722669011409834638e+02
6.165890339740237636e+01
4.571147089845577938e+01
-1.703923112839928677e+01
1.068180888967308562e+02
-6.652819886408489936e+01
4.998361569911215838e+02
1.254629671125346491e+01
3.839990867344544085e+02
-1.176890385529483467e+02
2.872670429664888729e+02
7.885789121823895584e+02
1.904092299550073903e+02
-1.080730077246822418e+02
3.193838530765359565e+02
-1.158150879306118526e+02
1.005839110625340282e+02
2.050484893203860111e+02
7.455071825538135499e+02
7.720986031926614146e+01
-1.985227416176302313e+02
6.087339206954369502e+02
7.065988523114982627e+02
1.586870149552310920e+02
1.868376443922845738e+02
-1.419250849691309213e+02
3.599967488619295750e+02
6.433403040849984791e+02
8.192833464105036683e+02
2.207510295678642365e+02
3.251616797478236549e+02
-6.330497285880899483e+01
9.011742295447990614e+01
-4.152710648685057322e+02
1.138897127543269505e+02
-1.748441130647026966e+02
-1.252898583481008217e+02
2.848341895326038866e+02
8.359050004269713554e+02
1.357858928390224094e+02
2.092009888216857121e+02
3.471562476770411081e+02
4.026706736340589146e+02
3.103984027300068647e+02
3.567272197746874554e+02
2.194491538117731579e+02
2.533166577729225821e+02
6.417950254312138441e+02
2.225170494942761650e+02
1.797804972696409322e+02
3.387980580827966151e+02
3.058441540762025852e+02
-2.372770742888585573e+02
3.499003668539176033e+02
3.460690639654817460e+02
1.882533357266866005e+02
9.142704672052019532e+01
3.445883979190151649e+02
-5.234774822840099660e+02
2.946695229454830312e+01
6.268815684900299630e+02
1.091205048424970840e+02
6.202625068710289042e+02
4.103200862699447953e+02
1.391876488590839926e+02
4.125771138705852650e+02
-2.117658993338184814e+02
1.779559384430608588e+02
3.314424932755528630e+01
-1.063653577860837274e+01
-6.508565904716000716e+01
7.735613777792281098e+01
5.127637250653948513e+02
1.301778989297150986e+02
3.165396689349961434e+02
4.936601253295140737e+02
6.729243435842657846e+02
2.242327999936592278e+02
1.294324672617213778e+01
2.722030378984002255e+02
4.242136018412104477e+02
2.848819849726225470e+02
2.123909813422334310e+02
2.243819306699750769e+02
6.421313203659757392e+02
1.797475465017350871e+01
1.530499769229549258e+02
-7.594334335615707232e+01
8.220051812057650977e+02
3.667710556648830789e+02
1.554573408138641071e+02
5.156292638363827336e+02
1.804434859615265907e+02
3.808146512495504226e+02
6.789802597271500417e+02
1.585835130698442583e+02
6.700572718694618288e+02
3.304699314066930356e+02
4.968560786295487333e+02
1.198567843285230907e+02
2.191957638932529449e+02
3.854418601684607779e+02
3.047953716612000790e+02
-6.224998888333448832e+01
-3.130362971232953555e+02
3.717999273751056535e+02
-1.071662885891520318e+02
-7.921848432090706638e+01
4.739528234757665359e+02
3.632068075955655218e+02
3.951944117203267126e+01
2.187053041174656585e+02
-1.638928288692174817e+01
3.233271841544988092e+02
5.142785240816449743e+01
-1.873843985827970471e+01
-1.458058826615542358e+01
7.151842900202301223e+01
1.541039720887254987e+02
4.102487709953883268e+02
2.624684395173657094e+02
1.816413723333546102e+02
3.391637057803514494e+02
-1.273546157185570564e+02
1.387062713549480577e+02
6.327173845381471438e+02
2.151687174185322533e+02
1.838934331649809906e+02
8.429830744962384870e+01
3.782490383819764475e+02
-1.314191861670200296e+02
5.175318763885452427e+02
1.772396772529963016e+02
2.931559271914435385e+02
6.108284728981099079e+02
-2.901306992277274333e+01
-1.878776111450815733e+02
2.358444783306983368e+02
2.979213053794047141e+02
-6.026194545486792009e+01
9.134782333003137467e-01
9.954583823695099909e+01
8.599546289242224475e+02
1.035324346789893298e+03
1.180179237301079098e+02
4.511191046159997313e+02
3.996683293925334510e+02
1.625744710407265643e+02
9.331358179057712476e+00
7.246779862039406339e+01
7.557088688706700168e+02
2.559540550914175867e+02
2.627619080236075888e+02
2.759891049940905532e+02
-1.950233370726176929e+02
1.234075166575286602e+02
7.257764440480968915e+02
2.552569055043298363e+02
4.215944774391352894e+02
1.802600942330722944e+02
-2.981552137551053505e+01
-1.304625601416671898e+01
1.678832774030521193e+02
-9.657575768287848916e+01
2.874359760820274232e+02
7.078323041953605070e+02
4.375422775238598092e+02
1.930395942563829976e+02
3.250878514370127164e+02
1.867104109808146859e+02
1.300615876219557379e+02
3.728770496811249586e+02
4.933334204423883875e+02
-1.950022231855191421e+02
3.177512238899834074e+02
3.658141463136188065e+01
4.829254658619614133e+02
1.669197800207408591e+02
5.416100745581006493e+01
3.905897801535061262e+02
1.243658407726048836e+02
4.450542757236731006e+01
5.196799083824494119e+02
4.387165252659398220e+02
1.924689195672241908e+02
3.736458367697663334e+02
3.848590879383976926e+02
2.218640845906936079e+02
2.007143155958836473e+02
3.019107410894857821e+02
4.265467805640175243e+02
2.474123822543073175e+02
-7.234683086757580384e+01
-8.906464262668916376e+01
2.168179925359251570e+02
-3.865379056415644499e+01
1.441631295904234378e+02
2.099942799357743581e+02
2.812861200624339517e+02
2.107839210633195819e+02
2.437713023068863549e+02
1.966690194575636212e+02
4.532066662047623709e+02
-2.786904555207803469e+02
2.679048408786769073e+02
2.791233647111084792e+02
1.433175078232758040e+02
1.188189379134634436e+02
-2.834826765578134911e+01
7.777144193434406816e+01
1.351209025642392305e+02
6.682868366004663585e+02
-1.079325586651329161e+00
2.044962068690386445e+02
2.874143739350100191e+02
5.855690078709794761e+02
1.745688672945261999e+02
4.184233263975809223e+02
4.734834128543550378e+02
2.936090709789326638e+02
1.635493395911146308e+03
2.783154329436993635e+02
5.779168615035985113e+00
2.718972466582914649e+02
9.225411596677769239e+02
3.871334717938951826e+02
-7.324389149029819635e-01
3.476004805972468148e+02
4.551947298179690904e+01
3.879420752020249097e+02
3.538540706262915592e+02
1.045231040337721282e+02
5.182380364585844745e+02
-1.015223006069476099e+02
3.776362839994996534e+02
3.569905581806212780e+01
5.358894082346328105e+02
5.478667542721049699e+01
4.292664572897473931e+02
5.640016591687774508e+02
1.676140627446418421e+02
2.752055385760192507e+02
1.818630003664572214e+01
6.168744841189726458e+02
1.410816970700357444e+02
-1.946482888560710478e+02
4.305502567793233197e+02
3.189093401251605187e+01
1.067075108902377281e+02
2.391356605311155477e+02
-3.294261953643406571e+01
5.933643379230602477e+02
3.508930833166473917e+02
1.935522008918218262e+02
-5.584152969377424824e+01
6.883244811660323421e+02
1.095811413621553811e+03
-2.203675332153434283e+02
-8.016474184974489958e+01
1.653811876206100067e+02
3.826421423114929325e+02
3.826043366613562853e+02
2.009698368577398071e+02
1.700255946408511250e+02
2.806106354110210646e+02
7.027502317653472801e+02
2.367313772361042652e+02
3.329046365279815518e+02
5.776427964615760402e+02
1.248859536884260564e+02
6.893443611154950759e+02
1.204889266933190299e+02
5.343627599151704999e+02
3.589457408627744144e+02
1.237592999383986353e+03
-1.187464356807247015e+02
-2.289216770454321761e+02
5.620478452672081175e+02
2.539632699989257958e+01
1.592775324107189476e+02
3.779361473262998175e+02
3.225060555632140336e+02
2.937303783335116236e+02
6.370350095060481976e+01
9.991659788999390912e+01
6.669564190854408707e+02
-2.673167624833345144e+02
2.769368859698562346e+02
4.303034493836938736e+02
3.222634989825012326e+02
4.682231771825988744e+02
3.866284315224419856e+02
7.802370346876029998e+02
-1.473067315267196591e+02
5.364284046315959813e+02
-3.102004269712062978e+02
-1.673271381925991932e+02
3.856975268007042814e+02
5.711303330793786017e+02
-2.011388887575342608e+02
5.319090938070601169e+02
7.857552285222462274e+01
3.383092990682253287e+01
6.198082157548199120e+02
5.803758141036549887e+02
8.923215305024829149e+02
4.726370287493091382e+02
-5.323620560920992517e+01
-2.198083927779085229e+02
3.083364670639880956e+01
7.648078116391519643e+02
1.636093131099113975e+02
1.803423382036113196e+02
1.326961918576914101e+01
1.814149211130130936e+02
3.857289226412327707e+02
-6.008828842801840153e+01
2.769904025983436782e+02
8.420860418976418771e+01
7.939941036130196039e+01
-4.719642261717147136e+01
6.307031610437594509e+02
1.188647182575462296e+02
3.911586182899376354e+02
6.704621705091966533e+01
1.543460570610490663e+02
1.891512610693841623e+01
4.015888675420354161e+02
3.592308489490508236e+02
3.455193963442271752e+02
1.357937429606048170e+02
4.968102731393439058e+02
4.368525313259725067e+02
-5.639288976018150379e+01
4.924500219600409991e+02
2.467388033676738814e+02
4.069808845143319331e+02
3.711528029371313551e+02
3.909958733164679074e+02
-4.094701685761019405e+01
5.867073304053426455e+02
3.076432835113320721e+02
2.335960053827096203e+02
-2.817071576202264396e+02
6.007963772450237911e+02
3.718555538797766076e+02
-8.402746376258744476e+01
1.015331595791940344e+02
9.696933234647556219e+02
5.852327586958932670e+01
2.311535941209734517e+02
1.132225878197364040e+02
-2.555850502048198507e+02
2.245391731186085451e+02
3.456829878133515876e+02
4.096013736487729489e+02
5.844496221761825154e+02
2.981453450200364159e+02
5.523282372577733668e+01
2.286211097083985067e+02
2.205007876347955857e+02
3.387984838962829315e+01
1.907133946731604510e+02
3.843659622845136141e+02
2.711713086505440629e+02
-2.173257252551377121e+02
-1.180952711546537159e+02
-1.084292902115031723e+02
-8.710762417881177555e+01
3.469529130514969211e+02
5.781732892548302516e+02
6.082574121847112565e+02
4.958786539911985756e+02
4.705357377520934961e+02
5.233699163183690644e+02
1.021911737779856821e+02
1.640121687866801778e+02
6.326301670611509280e+02
4.787497285168357735e+02
-3.000327067368475014e+02
6.173601704781810895e+02
-2.754148126457893397e+01
1.376767950526050583e+02
2.894748064731667228e+02
4.436875698400633610e+02
3.799754817106529572e+02
2.464707526312272421e+02
3.442442973479131751e+02
7.626446610425033441e+02
-6.532176420489935253e+01
2.168007290117850516e+02
3.993881355352594937e+02
-1.138853021357400337e+02
2.507315512364609944e+01
3.779189001108538264e+02
-2.059877849698281125e+02
1.281793613302444328e+02
4.004509877122127364e+02
3.622966299644248238e+02
5.697173002254969560e+02
9.031519512540489814e+02
5.580192909169531958e+02
-2.402057676434150579e+00
7.694186289414078601e+02
7.457043007428884493e+02
3.472329171909495926e+02
-5.747355348364134642e+01
4.639218763108828512e+02
3.994150237361840254e+02
5.115255026459303167e+01
-2.608053084258751824e+02
1.061282623422677034e+02
-1.903943703100685809e+02
4.792709144204287668e+02
2.629909608647616892e+02
4.607677467036360781e+02
1.907745805641249603e+02
-2.996144405832696407e+02
-1.951712018832843114e+02
-2.076842961672339172e+01
1.290730540178822707e+02
8.116630534489755178e+01
9.519127389665452483e+02
9.854596858309459151e+01
5.799330121992364866e+02
6.485907685917483434e+01
-2.115682228968207141e+02
3.043620793903662616e+02
1.854691520670327236e+02
1.057965953207661016e+02
1.687235406486083775e+02
-1.556713875299408869e+02
6.261132671058153392e+02
7.933793792193137051e+01
6.212102087719443944e+02
1.636161348729108056e+02
2.832604520382323585e+02
9.103315681682587410e+02
3.925177902976029145e+02
2.825836793074543607e+02
2.035352119975033531e+02
4.083190680860458315e+02
3.609556119226543842e+02
3.737002516695908412e+02
3.374191813065986025e+02
-1.719032488113023760e+01
6.371425268463859481e+01
1.279789652488763636e+02
1.741795212508469604e+02
7.902233622644430966e+01
-4.241061782413470382e+01
-3.219560943830771294e+02
2.765323234029388573e+02
3.105216170309618064e+02
4.304276720534699052e+02
5.660299976526589489e+02
-1.393486550148248284e+02
2.296438420410163417e+02
3.899058419436037752e+02
-9.917826065785931178e+01
1.312373872428849779e+02
-2.939336117914346005e+02
5.906873325528127907e+02
2.678716599539645813e+02
2.383499561355779122e+02
1.150626495639313589e+02
2.469020461123706127e+02
1.098328737337226073e+02
1.906892985373580132e+02
2.225597572018890560e+02
-2.562501449215193929e+02
2.242876586955113112e+02
-2.691504707986158564e+02
2.321587148236489782e+02
-1.446236400856726334e+02
1.516300381602108871e+02
-3.059791493514816239e+02
-5.104072178334635623e+01
7.051571905645980110e+01
1.169022428383323984e+02
6.250312183312752268e+02
2.072513222968077855e+02
2.444477524481542829e+01
3.691470605289360662e+00
-1.954668922068862003e+02
3.189265503737502740e+02
6.220114960059869418e+02
3.285330809718935257e+02
-1.223565334902391726e+02
-8.071298773858225672e+01
1.416415673018382648e+01
5.171757829843850232e+02
3.764543343362627184e+02
8.094544521576950729e+02
3.484694254465835002e+02
2.187069106679937818e+02
-5.313864033948973997e+00
1.358783014991533094e+02
5.948641847194991783e+00
2.259782154608256235e+02
-8.381113915772981215e+01
6.016749639714613096e+01
-5.545681042452166309e+00
5.953863020999739319e+02
3.489601010274274131e+02
-1.614846961581235973e+02
1.732073282236156047e+02
3.469220454436737100e+02
6.100570075972984796e+02
3.656877770964101160e+01
2.116831114090305448e+02
1.271960802037962708e+02
1.703393136580003215e+02
1.200714811939361084e+02
2.783858574396542167e+02
1.875021088564905085e+02
3.127259129646002975e+02
5.053237391639140128e+02
3.658531596604054812e+02
1.479331976276935023e+01
4.919537013739591771e+02
1.574278577235887724e+02
-6.336025282234011513e+01
-8.867738392825351923e+01
3.023974784412447434e+02
7.184424949387947663e+02
-3.312334793626568796e+00
2.106338525419503753e+02
9.954381778083045447e+02
1.524076443515025403e+02
4.268881691102375271e+02
7.545039498503005007e+02
7.053250670921784149e+01
2.048478095366415914e+02
2.359343305171449572e+02
1.224675503237619694e+02
9.906238333155961300e+02
2.467502278815589420e+02
2.498624196922457372e+02
1.096605910483485360e+02
-2.595173964969709459e+02
7.447023094847500033e+02
1.353461177433593321e+03
2.534044433104928657e+02
-1.332232733481679929e+02
-1.085592070423541458e+02
-7.464684313364264767e+01
-1.331464965520079886e+02
-1.044495092284830946e+02
1.367143299389981337e+02
1.254706879178963419e+02
1.320197130182593526e+02
3.463721735497539953e+02
3.338048892950004074e+02
1.293791471026550539e+02
-1.998338203178231254e+02
1.267493897078408054e+02
1.329188690152152219e+02
3.469066505460683629e+02
5.866842840815412501e+02
-1.966628692798305735e+02
1.142222772915164200e+02
8.099058679975955499e+01
-1.602216384866273984e+02
3.098074974268637050e+01
2.648276743313556949e+02
5.529571831438947811e+02
-4.063248257792829321e+01
4.439709065436771596e+01
-4.372740033828567903e+02
3.095759672870027543e+02
6.474406870774220124e+02
8.537113885762322525e+02
4.064880598162907859e+02
-1.425592310799245013e+02
4.700590169250098711e+02
2.677823143815943396e+01
3.348791024588277310e+02
3.520027367821037956e+02
4.336363652416720242e+02
5.052096987293785446e+02
4.203038248471951874e+02
4.703688157358322428e+02
5.819669072058097470e+01
5.873763948907525219e+02
4.809772513310091426e+02
7.132245535121051034e+02
1.785222315419620429e+02
5.568147614968556525e+01
1.528256070406781362e+02
2.506228085785664064e+02
3.239094587846981881e+02
-8.650187499288071535e+01
-1.548872050930087596e+02
6.765655506426667216e+02
2.738639185920767432e+02
2.228639760301930721e+02
1.739817270482639344e+02
3.654128348048961925e+02
-1.246739825325766731e+02
1.806878630344670000e+02
3.438247899470836728e+02
4.405129583908870927e+02
1.808009933455822704e+01
2.448857301517682856e+02
1.757541663520117368e+02
4.350449081360069954e+02
-1.493199631984614228e+01
6.815959302609331871e+02
-8.165178413600261820e+01
-8.412078170361596108e+01
1.783995549762972814e+02
-5.575163519609323259e+01
3.969552674506527268e+01
2.976196223018923206e+02
4.318080858382829774e+02
3.402130681212717604e+02
7.418357791179113292e+02
2.615511342072759362e+02
-1.371507572233061012e+02
4.026214264853577873e+01
-8.284454759192249185e+01
2.005166700007049201e+02
1.158114594972513032e+03
5.385316020566730231e+02
2.602265589018116998e+01
4.227443648749385829e+02
6.674301937808553475e+02
5.102567787817633871e+02
-2.925660676791545143e+02
2.143607548813319568e+02
7.698528150656123614e+01
5.907819370672727928e+02
4.093571337226201763e+02
2.103475812557970244e+02
3.743940213579283522e+02
4.726546273547438091e+02
6.088349687393006207e+02
4.692024981771077137e+02
1.305184072290460335e+02
2.443793889283991518e+02
2.240069695460505841e+02
1.533697508458871255e+02
2.254946467650745774e+02
5.476434929974178658e+02
3.351777779307531091e+02
1.210221370209138030e+02
2.200400179919085417e+02
3.456713543168635852e+02
5.904123774469496766e+02
2.656899324719599349e+02
2.278251234613161955e+02
5.850639079388055279e+02
1.554966279734958903e+02
-2.445319673072930868e+02
-4.698713961053934440e+01
1.185044498442000958e+02
2.590772751888808330e+02
4.560118976008924392e+02
-1.883322273020781665e+02
3.498110447860499050e+01
2.280695278847317695e+02
4.488112475153506864e+00
5.787128620360547302e+02
4.991047545863348205e+02
1.290112589778499910e+02
1.741079197235048355e+02
3.035822471953222248e+02
3.931804999798150106e+02
9.893276424074791464e+01
4.543282754886870407e+02
2.318112760801419654e+02
2.025661118831608221e+01
6.787307390566935510e+02
5.099824886441780336e+00
-1.009436086902746013e+02
8.105127101064165345e+02
2.411815656601903015e+02
4.714962628638473916e+02
5.316555847484141850e+02
5.774229597861951788e+02
3.644587692948519475e+01
2.968695686919675154e+02
3.375560685653724704e+02
3.476457276754795771e+02
1.377178415272717871e+02
7.564215679913883150e+01
1.524062112305454662e+02
5.063672628763880539e+02
3.315794345023323899e+02
5.881565317626955220e+02
2.363097739698561099e+02
-3.535528670281595964e+01
5.082853095795891818e+02
3.991912590584392433e+02
2.899036817403342638e+02
-8.225741719878031688e+01
-4.307123548797029144e+01
1.897898101277244507e+02
-8.595620053419466444e+01
3.193038937178676520e+02
-3.186652975911355270e+02
2.576328538924816485e+02
4.451440676171768018e+01
3.169562086232560318e+02
1.594449100701799296e+02
4.023802495360889679e+02
6.414757313377378978e+02
7.026221009390646941e+02
2.183127172925006505e+02
2.169033914242537833e+02
4.852118431210612925e+02
2.497005384835821360e+02
-1.038050331135209348e+01
4.989032561288835410e+01
6.635926822242853973e+01
4.445720224623782997e+02
6.155048300401642791e+02
8.244919930244226691e+01
1.855634144149852887e+02
6.897444440935672105e+00
5.756507889218595437e+02
4.228226175779896039e+02
3.461419140314783931e+02
4.073635654923072593e+02
3.339190641672764173e+02
2.261947134308440752e+02
-2.407404440613968291e+02
5.297374165387922176e+02
-2.098799742025534272e+02
1.176489032248644548e+02
7.536872406580926054e+02
1.654292991060118467e+01
-8.636646114884935344e+01
5.134276122201548560e+02
1.824350509835986713e+02
2.213916476807933691e+02
7.931843408064480627e-01
7.115337187019013072e+02
2.128919036695983777e+02
2.047190268106749613e+02
-3.185726970058225334e+02
2.711043918311744960e+02
-1.177871941832559344e+02
2.020463107568396595e+02
-5.763357863778608703e+01
-2.786470566260316417e+00
8.475013072241044938e+02
1.261255751039692115e+02
6.181469149449559382e+02
1.630237268524442413e+02
-2.261054222427361537e+00
3.497028536593370518e+02
2.173921421135051730e+02
1.666017196205330038e+02
1.899924254096491154e+02
-4.614632937472499918e+01
8.599345279327266667e+01
5.861255366663630184e+02
-9.207257100574135933e+00
7.064368917476592458e+01
4.217838354426035608e+02
9.070709136939488815e+01
5.936609926727849995e+01
4.864590555430255563e+02
4.083556962142334896e+02
-7.798903083216097798e+01
5.012074443591648105e+02
2.391318341252099344e+02
3.010834911780303287e+02
-7.709489306269745157e+00
-1.309458722956201768e+02
