9.340145692555369124e+02
-5.154852812273536955e+01
6.258783044466309775e+02
5.794354483103190887e+02
3.355877636014418499e+02
-2.477637653910439326e+02
-1.838476449170203182e+02
2.638841660219572418e+02
2.439549594157114143e+02
2.921074497506740499e+02
8.551998013656563558e+01
4.383018169508985693e+02
-3.578112876621714378e+01
9.972951955298730127e+02
3.243501154845752126e+02
6.983106087521153427e+01
2.247389150027624112e+02
8.098969286907970400e+02
-8.387993992511553643e+01
4.505295516460641920e+02
6.532078773027011493e+02
-6.942991345444386297e+01
-9.196676525534179802e+00
3.556300628250478439e+02
4.831254129468175620e+02
-6.458491197582506516e+01
2.589912934231945201e+02
6.072514592595045997e+02
1.047569621279783632e+03
2.889054988246019207e+02
-3.698371427488718837e+02
6.062458871094086135e+02
6.955582974449050653e+02
8.581069701571111636e+02
1.157948694953313762e+01
4.047067849290099844e+02
6.528636257281506232e+02
3.807016021773935108e+02
1.233561195801131134e+03
3.983133445564315025e+02
5.333892872433101502e+02
9.694393158281556566e+01
-3.473084438213130625e+02
5.892282861426481304e+02
1.104583634456932515e+02
-4.061726051089359544e+02
2.761657513292279305e+02
5.585272929842219582e+02
3.756781528404522987e+02
7.687468081830292022e+01
1.605944520244679197e+01
3.512658525090305943e+02
-5.972615398041256185e+01
-8.167338401961508509e+00
-8.658926722414855703e+01
5.930013981544307171e+02
8.662468841635707122e+02
-4.201379371646619916e+02
5.265603235442869163e+02
4.402290225265096524e+01
-3.312608580217065679e+01
3.047069688625133494e+02
-2.538915139036448068e+02
2.317786247194798364e+02
2.958188788809518428e+02
1.013164154872890890e+03
5.321189829364119817e+01
1.102977259822032693e+03
6.438888892694924380e+02
3.238835404806251290e+02
-1.991423992246902230e+01
8.980316915839993044e+02
-6.551362250366939577e+01
5.024257558784266848e+02
1.042194549518856547e+03
-8.670443437069451420e+00
-1.876683673789954980e+02
6.445780078410339229e+02
-2.928281806653935746e+02
1.260902820072759170e+02
3.442538189486660372e+02
2.690493562651198545e+02
-1.122165653702406587e+02
2.343282553564809518e+02
1.310976585990296144e+02
4.899744693011001573e+02
-5.167995007995529733e+01
4.725221865103776508e+02
1.161354018932321139e+02
2.629347900495580461e+02
1.374083283600851928e+02
2.503912243321293261e+02
5.600010117982533302e+02
-4.879755979389196909e+02
8.013304657842972745e+00
3.918304280833339135e+02
2.690237394413551328e+02
8.828999071631632205e+02
-2.820022368200492906e+02
4.900727278957906492e+02
8.171512867052766751e+02
2.429763692159684751e+02
7.031319566162254660e+02
-1.745281176983875753e+02
4.682848744661987439e+02
3.616948550797817461e+02
3.584612319476654534e+02
1.727258169732451165e+02
2.853476308548642919e+02
3.450897355158672752e+01
4.847078157981831055e+02
9.261990929685320850e+01
-4.314367987397568527e+02
-3.157181497878253822e+02
7.749163772070916139e+02
-1.418786804663168084e+02
3.354899127408212394e+02
6.593991612591145213e+02
-1.708215987278143189e+02
1.823901854339069928e+02
1.057617306656487699e+02
-1.118723657636343773e+02
-4.555527160806379925e+02
2.809002081009558651e+02
5.106035633569300671e+02
7.494678423497748554e+02
6.414092560074544735e+02
-5.253545107585575806e+02
1.608695340103207059e+02
3.492317213861214782e+02
2.321171966824825859e+02
-6.059092103099780502e+01
-1.143492786265586147e+00
2.308486656159448103e+02
-1.631352053272383102e+02
2.739986492295756193e-01
-2.038202073728089658e+02
-1.860171849648095019e+02
8.895557820939230851e+02
1.373577329330340035e+03
-8.535086690027426926e-01
4.825581305705079416e+01
2.669005162109543789e+02
5.291699127630396333e+02
5.476531102367353299e+00
7.028127389932322444e+01
3.786381521444817508e+02
2.116671685123315854e+02
2.653192435590999310e+01
7.801279013603470958e+01
9.011018328694436832e+02
9.338280588181465873e+02
4.749855164867627764e+02
1.158263493550897465e+03
3.312123253920486832e+02
-2.830099259991339409e+02
7.139513467626360921e+01
4.648132601912459450e+02
7.565719757024974115e+02
3.492524848419162709e+02
3.474609530237742661e+02
-3.308797036737739177e+02
2.536835516915018047e+02
5.659845432710463911e+02
3.306052793048922922e+02
-3.315513107730155866e+02
9.457678722481598754e+01
1.355290977486309600e+02
-1.013218933578022813e+02
9.974663241518766199e+02
6.575632770509957936e+02
8.048604446519942712e+02
4.224924771374752481e+02
2.739649211192349654e+01
-3.183138263914557342e+02
5.414013880528771097e+02
1.245829931478692743e+03
3.031208942447609616e+02
-2.533241044189172086e+01
3.679957194621247254e+02
9.662337066143669517e+01
7.584011022592342499e+01
6.394266107843595819e+02
3.994950991626095629e+02
2.494948029836612022e+02
1.837193770102939823e+02
4.351575680255479597e+02
4.655162835770226479e+02
1.365164142952321242e+02
1.083912527998697470e+02
5.273469823256042446e+02
-3.092354412003850257e+02
5.913578300856695478e+02
4.455121864587489426e+02
2.827324815068868133e+02
2.606120316160033212e+01
2.334763776059596125e+02
5.834061351111583917e+02
5.032326698122642483e+02
1.152536635312367821e+02
4.614767374266118054e+02
-4.970802774044675232e+01
-1.797360537575485182e+02
2.435650825161534385e+02
3.182989190053677362e+02
1.954761298637534139e+02
-4.190414909967350354e+01
3.506883479555960434e+02
6.859652987977862040e+02
3.837938432140810505e+02
1.606000411998075776e+02
3.453847214911393735e+02
6.898658585619323276e+02
5.952413834729405835e+02
2.512121192937343039e+02
4.526434961522711831e+01
2.512279011100827120e+02
1.614998728995462329e+02
-7.427535461125467009e+01
2.006587769014265916e+02
6.827761113047899926e+02
-2.084518932596957441e+01
5.993433047202569242e+02
2.322867760875321608e+02
-6.087847057526080334e+02
2.858973249028218788e+02
6.317445554954990712e+02
-4.214891165781882876e+01
-6.544463799181850163e+02
4.290730776404080302e+02
3.205343662154616169e+01
-3.836131962749026769e+01
7.642287975032687086e+01
-7.594816979429572257e+01
-6.374822354538636660e+01
5.357458785219620268e+02
3.359793780947172195e+02
4.362184230634842379e+02
1.057326960299378015e+03
-1.425916488686515322e+02
8.489603327291665664e+02
4.507569050913398314e+02
-2.075684630787837293e+01
-3.851957742565396359e+00
1.773273939748095245e+02
1.172127681680263152e+02
2.402128908176997868e+00
3.302332583265157382e+02
-3.912967936596688219e+02
6.846981437241240087e+01
4.912539521003308778e+02
2.501083919332263008e+02
-2.300115983868335547e+02
-5.101579011543994966e+02
5.995685826326388224e+02
1.987583265077157932e+02
-1.648448274284681361e+02
1.229247132253694645e+03
4.570441916559641982e+01
5.492582828443047447e+02
6.482805037850981762e+02
1.231077800256704450e+03
4.399335783389850008e+02
6.013398605362436911e+02
4.316706937105749375e+01
7.168534155717145495e+02
-1.042220941598415038e+02
1.094694149645733887e+02
1.013764033670174456e+02
4.134922789491317303e+02
3.339313484822720284e+02
4.229363693666587096e+02
1.286148522534186213e+03
4.488644794524953454e+02
4.484125886454844476e+02
-6.921613408561583469e+00
5.170873055925104609e+02
1.113625748406074308e+03
5.041419258082364649e+02
1.951631861217775850e+02
-8.007789589597827273e+00
1.365656880352746612e+02
1.012397568724769258e+03
4.413898884021186859e+02
2.163265873347860691e+02
1.998339732981969519e+02
-1.730657393274500180e+02
7.073503605136710348e+02
2.772248520331648933e+02
1.118964211427578874e+02
5.035169575294258379e+02
1.388022899151591503e+02
3.588245007889444764e+02
8.619133270906453390e+02
5.184430664211914745e+02
1.486107097044011027e+02
7.916469063961966413e+02
7.997875380831756047e+02
-6.955747054034193866e+01
1.157858451969660337e+03
5.745663915844833127e+02
1.257018451929062053e+02
6.346003074077154906e+02
4.716964754064285898e+02
1.695207236946825446e+02
6.062233964881464772e+02
-2.935772800487066547e+02
4.883654832527125222e+01
1.096010857798518146e+00
1.984195183848333954e+02
2.209429445819905595e+02
6.748708838340899092e+02
-9.845074800485672029e+01
1.140324995484228111e+03
3.695116180156882137e+02
9.547812352815877830e+02
6.487109875063805475e+02
5.172950787611918031e+02
4.961303303907353097e+02
4.643041751088546789e+02
6.746635123374832119e+02
8.755307873283516784e+00
7.593894565696684822e+02
-1.034504623012143583e+02
-3.429969990000356574e+02
3.181974375121490084e+02
-1.747661170885419324e+02
6.117514785297879598e+02
9.366879763510272028e+01
7.098178340475490700e+01
5.363915650374094639e+02
-1.128504962548717927e+01
4.703770824362568419e+02
2.423345242172196379e+02
-3.486818551877988739e+02
5.492086026681598696e+02
-8.181430813629641818e+01
-2.056231183118630952e+02
6.698945113409762371e+02
1.514481495107767842e+03
6.781900326949091777e+02
4.254349101083635674e+02
3.990032557432559202e+02
5.523501955251358595e+02
4.831467370120979155e+01
8.338410164151042636e+01
1.522008988409793062e+02
5.263435887476900916e+02
5.649064077626788958e+02
1.110092012959329395e+02
4.477738148650951189e+02
3.809248200884113658e+02
-9.615460218211387655e+01
1.944077466854134286e+02
8.715444662776446876e+02
2.454164848166795707e+02
-1.049165582925002695e+02
6.077876872913847137e+02
-2.093808185227997285e+02
5.332727721103534577e+02
4.057237880581299123e+02
-2.275465681444911183e+02
6.448515785786111110e+02
2.907382804899132793e+02
1.736630875594431984e+02
-3.053064885919988569e+02
5.562581808150674760e+02
2.548427926563352059e+02
4.315080681719354629e+02
3.741481483222906945e+02
5.409381044721658327e+02
-1.803828045733420140e+02
2.699675895916293484e+02
3.967762640787992154e+02
4.142348574879229659e+02
1.007218869095548257e+03
4.104991090256755797e+02
7.674770576095252181e+02
-6.594736833235526774e+02
3.015382438347936613e+02
2.888007141734871652e+02
2.669892154345883455e+02
4.813064782684285206e+02
4.549836676830608440e+02
4.875484755558655934e+02
1.109178943662452355e+02
-9.138845195659132514e+01
6.023866867497059729e+02
3.881863651348675717e+02
-1.460131879889788920e+01
2.667392194525693867e+02
8.733960043885514324e+02
2.742896575854526873e+02
5.585027496789291490e+02
4.985859747745452637e+02
8.076719110438785947e+02
-7.025467760645578608e+01
3.657414254994843645e+02
5.040645715898710364e+02
3.185655518427177526e+02
-6.890505291260685681e+02
6.516195267775425464e+02
2.957206919004373162e+02
3.004236017224743023e+02
1.521256005544103971e+02
5.924097179108553064e+02
4.396465192455094666e+02
8.178033334246718766e+01
-5.342390581460946919e+01
2.412722624834697456e+02
-1.087221029693461531e+02
5.269070742649462318e+02
1.937550784687646797e+02
2.767937854387155312e+02
-1.291880780602908203e+02
3.791741325484686342e+00
2.001429539155084569e+02
2.702181890916402267e+02
1.980972324895013230e+02
5.146535819953545854e+01
2.540165189722914647e+02
1.837183608552951455e+02
8.020399554155710575e+02
-1.142852074921863732e+02
2.081328467912055658e+01
4.929867324350044555e+02
1.055194825893922371e+03
-3.587133058489498438e+01
-5.912219482999342546e+01
2.701290755774721788e+02
1.910343375693381063e+02
5.582097714398287280e+02
7.318505089024951076e+02
2.451338001727041060e+01
4.759464749605805309e+02
3.928995911349281869e+02
1.015212229980904567e+03
-2.054835628555716198e+01
1.634935647657947300e+02
1.621539588202821506e+03
7.220773532982100278e+02
6.101051191050903526e+02
1.575434939260323119e+02
3.965471398802272347e+02
-1.132560834389353488e+02
1.114202246057509228e+03
2.460577738037368078e+02
1.868699202812477367e+01
-4.412252858831606090e+02
1.745552759144227934e+02
-3.475093589965015326e+02
-3.737350300163806196e+02
6.714378905547433760e+02
-1.765765301717614477e+00
7.631890469314437269e+02
9.178648319026871150e+01
1.010894731758838020e+03
2.752784643010564309e+02
-1.142478682640657723e+02
3.959398669028157656e+02
3.245721802846086916e+02
9.715711588244715813e+02
-4.707808700115948000e+02
3.095235043673372388e+02
3.895982419735195776e+02
7.671816561807897727e+00
7.135846793823620828e+02
3.180411292952379085e+02
3.716284962144935662e+02
1.096764187555625654e+02
3.906046451492973119e+02
-3.259170671340630747e+02
2.367470525771958592e+02
4.810786742364718407e+02
1.629417840560251136e+02
2.432395822450180844e+02
2.237484276823955440e+02
9.325804854381286759e+02
-7.174067510727625177e+02
5.961748314175052599e+01
5.333688322563649535e+02
5.464587722298458630e+02
2.315343188890156867e+01
-1.478154679756086693e+02
5.774055083084299440e+02
5.034097094206671130e+01
1.514430848599376418e+02
5.589121663378805351e+02
3.212927826469948513e+02
-2.506565863708236463e+02
-1.132580348337916831e+02
-2.290079647436666050e+02
1.495733709992205434e+02
2.496331414242211792e+02
9.447603450740714948e+01
4.206892131738611624e+02
2.582594909673485404e+02
2.711428580869546749e+02
1.767221185763902724e+02
7.993738440290527478e+02
-1.975780421582118151e+02
1.232952255167799649e+03
5.205110786608754552e+02
5.425740365033559556e+02
-2.228649263389809789e+02
1.266054233405394029e+02
1.551054384887388267e+02
8.533904166405790193e+02
9.480582561890239504e+02
7.554914568172596319e+02
3.548514464141217104e+02
-3.154858817803888087e+02
1.886902963428808562e+02
-1.640210120776209521e+02
2.336240582692963130e+02
1.443846482053857585e+02
6.628802806121896083e+02
4.445378921913122099e+02
-1.636546762252142173e+02
1.848668559986930688e+02
8.925311421204173712e+02
1.363895335270959208e+02
9.025675945839672067e+02
3.889558904027235542e+01
6.832982082016311551e+02
5.432810274523403677e+02
-4.213484836111681489e+02
-9.947142618298317984e+01
2.444865911826576621e+02
9.978938731158443431e+01
1.666042974375466770e+02
5.745022758088953196e+02
1.328575858260565496e+02
7.782038893032616755e+00
5.277954937567542402e+02
9.582676669685250204e+01
1.243333279254730144e+02
6.351461957664752163e+02
4.741444763814565135e+02
-2.326255353408038502e+02
1.437153386406622957e+01
1.796575826532183555e+02
-1.183097498944458437e+01
4.097518365990722486e+02
2.047633275171267542e+02
1.820681477276493752e+02
5.225140902619021972e+02
3.169505527035367436e+02
-2.986052834451512012e+02
8.904161901814923397e+01
-3.752465200780359567e+01
-1.622523551797845442e+01
1.561014498749792097e+02
2.066937104983657605e+02
8.698827139350157722e+02
7.092337046397247491e+00
1.580380607719931447e+02
5.368716310237308562e+02
7.013361337418376706e+02
1.137797930533444202e+01
1.115907801762300551e+03
3.006817049246028546e+02
2.847967630751163028e+02
1.448509289263753885e+02
5.765888627365480943e+02
3.778475612517038940e+02
-1.621583876022474158e+01
2.494218033100868297e+02
3.715148026585027878e+02
7.535157805616328233e+02
2.327288447952311685e+02
-1.861654325153180167e+01
5.121506033773334821e+02
3.606856651536741651e+02
4.526243511133936295e+02
1.494103189191000638e+02
3.111911288613833904e+02
2.199240162110735355e+02
-4.347780808827909027e+02
1.136892438692954101e+02
1.900352929990064865e+02
5.610343949741246661e+02
1.521494886639827428e+03
7.274353369939025526e+01
-4.354112843845645102e+02
-3.491658078663838296e+02
2.149570437943949628e+02
1.902927349616134052e+02
-6.507989784605949524e+01
7.142912885100043923e+02
1.002616613974929919e+03
2.388156187818683520e+02
2.004989892093921640e+02
-1.755727628134328029e+02
5.508592807874757682e+02
1.722205853507656457e+02
7.955654084321281516e+01
2.007912393745973532e+02
-2.559707940837133719e+02
8.173380444554807411e+01
1.205799635027159127e+02
6.868281991717241226e+02
8.114156587700566661e+02
9.287883009846101459e+02
-9.346254188729670886e+01
-2.088663915381101503e+02
7.468584937152992325e+02
-6.099864441256173109e+01
4.397524281738269565e+02
-4.064008257545916081e+01
7.498297813084339225e+01
1.367726653946564284e+02
1.309035574156399093e+02
4.193740015546129030e+02
7.589214925494717079e+01
1.147756530289173725e+03
7.120223312298188034e+01
9.940682927673470886e+02
4.180885809427849154e+02
4.934608387686111541e+02
4.223699918126616240e+02
2.959096885560355190e+02
4.769760999491333564e+02
4.964226759084843934e+02
4.736242899546370495e+02
2.446799144488863647e+02
2.598899125607912310e+02
7.748079914242485700e+01
7.972323314807937322e+01
-6.022112337453403086e+01
-1.458555858293956646e+02
-3.344436614977965974e+02
8.348447334705628720e+00
9.711558253417159676e+02
7.728166660077922643e+02
3.735734845049485671e+02
1.730617580609877280e+02
2.143113044196606154e+02
1.066578696902270394e+03
1.905840189140774612e+02
-7.682556887249114652e+01
5.411808143484906850e+02
3.188737211322138023e+02
8.791948292227471029e+01
1.068705878474534643e+01
9.530216214170932290e+02
-9.507300186220231808e+01
3.085054624367706424e+02
1.032672128284108055e+02
7.565195618858007265e+02
3.911565678464843927e+02
6.032247881343008657e+02
9.239635801526698344e+01
5.365946431882275647e+02
2.668241032119418605e+02
4.991500279811296537e+02
4.725383688542899563e+02
3.661295524853865118e+02
5.346569433837360918e+01
6.540157187689268312e+02
1.395837647871232434e+02
1.935083219086705810e+02
1.208812641968013168e+03
1.028094549939794661e+03
3.677384143706662201e+01
1.095213434820339771e+01
4.364824673120003240e+02
1.981323234865201357e+02
1.083473290104599016e+02
-1.512648477642139255e+02
4.698826238310899157e+02
2.585272894073920043e+02
3.582073364592068856e+02
2.633856069648904850e+02
1.724332833548625388e+02
4.811519069421138397e+02
2.937201052372718095e+02
2.080085216795037297e+02
5.852619547099590136e+02
9.334094350259103123e+01
3.630433264705499710e+02
4.793504833774296117e+02
6.126454166983565131e+01
1.726713986976069037e+01
-1.009250981712982025e+02
1.672211282541751416e+02
-1.429358396380434897e+02
8.870791878911083472e+01
-5.784166270540537198e+02
5.130434347842862053e+02
-1.722539251132625111e+02
1.431231696528735142e+01
1.138031799729731119e+02
2.125360606165974531e+01
-1.349053477363922866e+02
8.864859029510313349e+02
4.878790274547521335e+02
-9.389050397491851641e+01
6.322372120994571105e+02
3.330644700096016209e+01
5.175762307339123254e+02
1.636756278318387956e+02
3.654500529828801803e+01
8.352198261567556870e+01
2.385675397607814148e+02
4.554827435615727609e+02
1.120671537135483362e+02
4.060282312891155811e+02
2.028602948967844100e+02
-5.245744140035170489e+01
3.382917483621941415e+02
9.445120405124024501e+02
-2.818706125567922882e+01
1.005559730972557645e+03
-1.132984425764142316e+02
3.855464350472557271e+02
-3.706822168030295188e+02
6.664839685102630256e+02
6.327139165630491107e+02
8.426489896117513467e+01
1.009421262514321256e+03
-7.894195301564653988e+00
7.436712167650095751e+01
3.597423537483889504e+02
5.219342299356368358e+02
8.355841466632594461e+01
4.906864968724980827e+02
5.701223651424317040e+02
1.533076708470683798e+02
8.664969176387938887e+02
4.787161387745566117e+02
1.171583555134035578e+03
8.974380633328114243e+01
5.807680456647694882e+02
-2.443428570195217731e+01
3.184238170102333925e+02
3.256763194467332596e+02
1.633382062147269096e+02
-4.272531110519945514e+02
3.271851846886490875e+02
-1.727787669135798154e+01
5.930201258584677362e+02
-6.078871775485977480e+01
-9.491294919774622940e+01
-6.097573436469855324e+01
3.188983359501931432e+02
1.147083752728806871e+02
5.695144912932289571e+02
8.861822382465875307e+02
1.877304349060545405e+02
5.661705536896397462e+01
1.657667401049501450e+02
3.478405890377138689e+02
5.350343917367266613e+02
2.864399727560793849e+02
-8.856300886599623823e+01
2.648436845830005382e+00
7.447894338713639399e+02
5.894450729753908718e+02
4.525113683803898539e+02
1.036680756504011697e+03
7.067052496616870627e+00
5.692138301026396903e+02
7.996818772363841532e+00
1.997500547903819665e+02
-1.759547499834347946e+02
5.231375133632060397e+02
5.033351643067193208e+02
-9.649162531851993663e+01
-2.924090513828083999e+02
2.148808276881799770e+02
6.075983282086749426e+01
8.706579239603305496e+02
-5.663043150714498779e+02
1.218766603710065795e+02
7.320019447597336466e+02
1.307660028569304700e+02
5.664431263423416141e+01
-1.658744697588453505e+02
3.914338969680692344e+02
7.282081424032943460e+02
7.207097964990458649e+02
2.869358607832032959e+01
-1.410970015351742290e+02
4.477186056426671144e+02
1.968457603874558686e+02
8.889281902801374713e+01
-2.059266247375092007e+01
9.545798377746436358e+01
2.114621815063739874e+01
5.173725712327999418e+02
-2.529544452650736162e+02
1.008290235542846318e+02
4.509060445972016851e+02
4.932579537735900885e+02
3.957269145879150187e+02
4.363642175939874619e+02
-2.580291412659624939e+02
1.799162417082521017e+02
2.567212129709501482e+02
-3.338386405622882336e+01
3.215120191909077789e+02
1.026790421672234743e+03
5.642947941085487855e+02
-1.943524123498962979e+02
2.767888060524625757e+02
4.572018698891763506e+02
4.154174344702483381e+02
-3.265414334447882538e+01
6.459414163112575125e+02
5.242970172366092356e+02
1.681666417868451049e+02
1.821707477878846078e+02
8.700834714674710995e+02
7.269961050594952212e+01
1.130828833708588022e+01
4.791783476114745213e+02
4.789328720149434275e+02
3.083072219058695396e+02
1.553908659749922947e+02
7.078192087482429429e+01
9.207867511153216356e+02
-1.974510709235666752e+02
2.381732873339212802e+02
1.098151232092641862e+02
2.541518565671377701e+02
5.413735904895111162e+01
1.806371323807151725e+02
5.468026735000138387e+02
-1.448297215024086313e+02
7.591237790476616283e+02
3.167919624465696415e+02
-5.021477363113893233e+01
-7.346527375461974430e+01
4.124418849120676782e+02
4.141302032386370229e+02
-1.970962745520754993e+02
1.673574556425051014e+02
1.522090897838622539e+02
5.522359953945975803e+02
4.622041192453743719e+01
5.902408042579978655e+02
6.233343088558099225e+02
5.507609637087421106e+02
-5.408559482520878703e+01
-6.562672312328778617e+02
-1.349348724287988261e+02
8.518580849725506141e+02
2.618960890808000386e+02
3.098038210290434336e+02
3.158635378730400589e+02
2.945384559792576624e+02
4.695860438872722966e+02
-1.882373980599780054e+02
9.642814298852961201e+02
4.611493194317720281e+02
3.981933094773726225e+02
2.560768891620104455e+02
-4.424008183841261825e+02
-3.331803581057796464e+02
1.043658657319005414e+02
-1.622011908266962976e+01
2.100078482474388295e+02
5.421767393836356632e+02
3.488656098072742680e+02
3.114018190768558156e+02
-5.663807323179770492e+01
3.671847986877306766e+02
5.346977911500457594e+02
-3.677757379087462368e+02
8.405985464921935773e+02
4.588576871576891847e+01
4.341364816940098876e+02
1.276370802371694566e+02
9.805722758899173641e+02
3.900421750122300750e+02
1.664951086042064503e+02
3.575703370103749279e+01
2.303344265666957540e+02
-9.228121823003712620e+01
3.876046437990082723e+02
3.312605820782032851e+01
2.688317699412351658e+02
4.755680695678421444e-01
9.308380262944599508e+02
-5.765298953450489705e+00
2.890484099780084080e+02
7.874097530159194775e+02
-1.789778181068158176e+02
3.851575761324587575e+02
2.888668359704375277e+01
2.549869922708337810e+01
-1.976793773652672428e+02
3.526548949413229934e+02
2.375786176869329438e+02
2.811269265434056024e+02
-6.662915704002965356e+01
-1.852669662721810084e+02
-1.006846364867255517e+01
2.828117854838961307e+02
-5.779187509541775114e+01
4.550662052462029692e+02
4.129128012977388948e+02
4.276301210421653423e+02
-2.232887867127230663e+01
1.261410493717095704e+02
4.386213032667761809e+02
5.913660441338316787e+02
4.951950829645816157e+02
5.391126937330066085e+02
2.640806602450242622e+02
5.973314555498780720e+01
3.282744952486480656e+02
4.268563748311320865e+02
2.354941997800391391e+02
2.967406071116415660e+02
-1.612611040650493166e+01
6.297638766897660645e+01
1.415140291437745077e+02
2.908453936604273622e+02
8.575914785839806882e+02
-2.313532572905823770e+02
5.003309867860359077e+02
9.032365838337743753e+02
2.606377912730393973e+02
4.960468343184535911e+02
1.434704047861235097e+02
7.667542905932582187e+01
7.059123523252768564e+02
1.039591791102617293e+02
7.523874396392326389e+02
-2.156404323246522949e+02
-1.572467713752565430e+02
2.969278625564110712e+02
2.802045091955161524e+02
4.497204546403084464e+02
5.679408376837574224e+02
1.969045466992935545e+01
2.898465348665467900e+02
1.841311498603428731e+02
-5.969913962204507243e+02
-8.048765348745376969e+01
1.215951851864374476e+02
5.940465230009700690e+02
-2.027515409878561670e+01
6.440943345411634482e+02
2.620043458960428779e+02
5.231602450544817202e+02
-9.179626520687190805e+01
2.310504738808810146e+02
-1.357470364382996877e+02
2.015251142589543463e+02
2.084764814986724843e+02
-2.880641376598335057e+01
2.954351809833008815e+02
-4.068950474139425069e+02
2.261853014967573117e+01
1.959741289827569801e+02
5.061417911703741197e+02
3.196372279135383820e+01
1.780900893679274475e+02
4.388593061366474330e+02
1.141008439464397952e+02
2.454998628950040143e+02
-2.984102822039766352e+02
5.099536459995405835e+02
-1.920891500433439774e+02
-1.540380536683893808e+01
4.832257006698712871e+02
2.983850712701454313e+02
-2.118850298495425477e+02
4.069889162670561404e+02
-1.767597168617391645e+01
2.984894723468058260e+02
9.178516728077320295e+02
3.680804061628028307e+02
8.114537752187515025e+02
8.344108819841238756e+02
-1.780161837111147349e+02
1.825200726177609454e+02
5.938204031677606736e+02
3.998544281520545951e+02
4.316300847259483362e+02
4.484262979925136960e+02
2.397585305636000612e+02
8.002485919978787479e+02
1.094347781424707193e+02
4.203377512317363198e+02
4.064067907496103089e+02
3.797572998819136956e+02
1.601281431480982178e+02
1.018439266854979621e+02
-7.555988922451464873e+01
-2.080913305335551229e+02
4.257575323103416167e+02
4.515615469210315496e+02
4.110340098619241189e+02
3.874587146407220075e+02
-5.457260085296780971e+01
-6.219951814258649847e+00
