7.174821074294704886e+02
-5.276366443910425374e+01
3.823275428497573785e+02
6.243817318827515237e+02
8.219725219774329616e+01
1.653050419258118779e+02
-5.363379382120538139e+02
3.314105999659660142e+02
5.742431259669907604e+02
1.591690713408999045e+02
2.351019787424827427e+02
3.991201988500990296e+02
1.652394551896238397e+02
4.231417603190279237e+02
3.213929735177417797e+02
1.716931930752732001e+02
5.813422646126890641e+02
2.722336496603338674e+02
9.549814164122892635e+02
-2.718921047482469930e+02
8.951722609962118895e+02
1.189253663863619863e+02
1.296483333748059295e+02
3.511159258560447824e+02
1.618806571386908502e+02
3.695088293105802677e+02
1.065258237523458718e+02
-1.998088537266268929e+02
9.376103763702477778e+00
5.451017233225923064e+02
4.079875752210621158e+02
-2.805007326575430397e+02
1.619723124837724129e+02
2.464348492698899236e+02
4.821148968953835947e+02
1.429778338567880382e+02
4.354532352883898056e+02
5.801579086923895829e+02
3.708011035977018111e+01
-1.615609004906033022e+02
2.803055172254510126e+02
5.468960217079835502e+02
6.115774460297479891e+02
-4.079774704267987318e+02
2.597386179708518625e+02
-5.641358187041887504e+02
-2.752585075649392934e+02
1.187753302157362043e+02
7.689425520103229701e+02
4.713509299649412583e+02
5.760213489052654268e+02
4.610565367658550713e+02
7.968103121251422181e+02
2.006247271740336373e+02
9.001789346519465198e+02
3.433101963679793016e+02
2.270777027775434931e+02
3.387237552702804351e+02
2.139727190599624294e+02
1.483577115652267082e+02
2.772671456653691848e+02
8.506597172318333833e+01
7.762747144951300982e+01
1.294332088441099415e+02
5.040182104974902444e+01
-9.014507566776333647e+01
-3.202201305931410502e+02
3.179154512618764556e+02
7.256834347850802942e+02
2.328990081165756365e+01
1.494583595516228627e+02
4.123497118831842556e+01
2.054432990838907358e+02
1.615613234201661328e+02
1.081472486585430204e+02
4.688803596384199182e+02
2.818058145545486468e+02
4.030314330687431834e+01
5.853727795614753404e+02
4.334040792159942157e+02
8.994522247536920077e+02
1.101561466706039937e+03
3.583313892144448118e+02
-4.629408075263498858e+02
2.778121080248641874e+02
2.961559705321834031e+02
6.186271999962629025e+02
1.097619441601220274e+02
1.937876395082037106e+02
3.667339165610324017e+02
2.922730570579661844e+02
4.059314731374263374e+02
-4.240024136490475826e+01
2.735999765405517223e+02
1.030393709874303568e+03
3.387902060969787499e+02
5.427118653547972826e+02
-6.437144676132857057e+01
4.045098734274789649e+02
-7.084276397977727129e+02
-2.146053160199137722e+02
2.004959646223175866e+02
-5.282382695744684753e+01
2.211325068059719854e+02
4.887082004010262608e+02
-7.096528439913925013e+01
5.442402935372167576e+02
2.027921241879180059e+02
1.578533848800459793e+02
2.261397493357512758e+02
4.350707578593442690e+02
1.381861476070612866e+02
5.071695453858226870e+02
5.325827876661935534e+02
3.705862485511556770e+01
8.590603701948468824e+02
8.732872373963208190e+01
2.786174735700462293e+02
1.794467187470779379e+02
2.417275140901691373e+02
2.658130428539065520e+02
9.613570918445191182e+01
1.735539580365856693e+02
4.910318558405311506e+01
3.845873521012519518e+02
2.839819816539092017e+02
2.849717760441274663e+02
2.708083767359333365e+02
2.026690629871896192e+02
8.182128861958814241e+02
-3.649150247015126070e+02
-7.244953850338409040e+01
4.559720902230824322e+02
3.968680059013630625e+02
-3.632510664080675724e+02
3.410224993854561717e+02
4.337740315350184801e+02
-9.483625708914223651e+01
2.050740797909941193e+02
4.691349567103021627e+02
3.562505418241006510e+02
-1.091582873126235143e+00
3.909654153054214021e+02
5.182608737738024729e+02
-1.424736265127455965e+02
5.168584548158347616e+02
3.586774944008361103e+02
3.632846574908750199e+02
-1.137109201995181706e+02
-7.918554686057881042e+01
-2.063827970007837962e+02
4.563995161430132725e+02
1.411941953983638314e+02
6.771274982859652027e+02
6.023668151255396879e+02
4.942864139857907730e+02
-2.032195062593933983e+02
1.099185194238062650e+03
-2.093229405179309666e+01
-1.684714522043285569e+02
-9.624966744711554156e+01
4.398192972123087543e+02
2.229687139421141069e+02
1.086142780836940176e+02
-9.423322875256917541e+01
5.493278981741002553e+02
-4.556379736832640504e+01
-5.170902525186065191e+01
2.642868930725036876e+02
4.969818146325962402e+02
1.430363550751787614e+02
1.833458528353947941e+02
-5.693974607857597903e+00
2.742512575410712543e+02
4.048235965213473264e+02
3.999409215548948850e+02
6.294466932150685352e+02
1.946165139773382862e+02
5.949047228348889575e+02
6.430227463781751567e+02
-1.990185923322523536e+02
6.656544925055501949e+01
8.378422527289809523e+02
2.595789100279704940e+02
-1.990174279790974481e+02
3.121210607632345955e+02
1.543331238176563147e+01
1.164283857833362532e+02
1.370291321751411715e+02
7.920714343809836464e+02
2.229135667873867419e+02
1.263851981072673851e+02
5.122643486790346969e+02
-1.395771346264885437e+02
2.961737761004803247e+02
3.780540135067371921e+02
-1.333210112005775159e+02
7.476357349151313656e+02
3.586270179859402560e+02
2.302412339096672440e+02
4.896953505896133265e+02
1.636600086777132788e+02
4.584853960627811489e+02
-1.069291266021624125e+02
-1.040931439316410376e+02
-1.235266755814888171e+02
1.038299245459302483e+03
8.098151278334121344e+02
-1.639382349889517911e+02
2.407523644961077878e+02
2.770881328804006785e+02
1.588195828835758618e+02
5.353364465267223977e+02
-1.200888714949098528e+02
1.050530366269561000e+03
5.219079702753086849e+02
2.265688514447774082e+02
-2.948761400644361856e+02
-2.647473510108330430e+01
2.272770318001094836e+02
1.887963323724417108e+00
1.486659874558503986e+02
2.516772986750422447e+01
5.839596614904886565e+02
4.019805938095308875e+02
4.377743583103343781e+02
-2.743949462210029111e+01
1.594020687896349386e+02
3.560257997005987818e+02
3.791534274048712518e+02
1.173342174033123229e+02
6.492335118192011123e+01
3.691754550999810363e+02
3.035241177250349551e+02
2.587726800789139361e+02
4.881020320573381923e+02
6.913815995563403760e+00
8.052414847343214888e+01
1.123646108951057556e+02
2.097471750240875394e+02
6.059733315550774932e+02
4.002624570164823581e+02
-1.483224247610787927e+02
4.049057975062405035e+02
1.356089754767955640e+02
3.453914479081867626e+02
-4.362519894328499959e+00
1.189504198628346558e+03
3.944995664601506178e+02
-1.600982897924362760e+02
6.088149704939262392e+02
3.303445219564856075e+02
-8.140731383179704039e+01
-2.837353928461325836e+02
2.498221602961829149e+02
-1.238071407802230084e+02
5.917228924673925121e+02
1.222960267947014927e+03
6.989043076359356519e+02
-8.420047729227999866e+01
1.134836323675119729e+02
7.048693090769941705e+01
-1.355734113301717514e+01
2.786382793813938292e+02
7.135667894831445324e+01
8.658452475228227740e+01
5.258525740168389575e+02
3.196809933231559171e+02
4.674719390517162196e+02
7.151007968593476107e+02
-1.575283804785909467e+02
6.909646820444255582e+02
2.726526042852439673e+02
1.362684587776032572e+02
8.502203207874877933e+01
9.371653954325611835e+01
-2.793973002242546144e+01
9.962136382620509494e+02
8.978202123840952709e+01
2.990961099969366046e+02
-1.378794774135000125e+02
4.307709108094943531e+02
6.161937765962111371e+02
3.010693209106128734e+02
3.729937426269887624e+02
4.195707894717253907e+02
1.194324107737300551e+02
3.532191937570083695e+01
9.241743742307394882e+01
5.786660856626597251e+02
5.665742131881681871e+02
-2.703947369501334492e+02
-4.094097910358975412e+01
1.066186030899712023e+03
9.482895242726834795e+02
8.226580392652876981e+02
5.112739424476794170e+02
3.020285080693651381e+01
3.336157310833873169e+01
-5.024511589205304318e+01
9.343052256045692161e+01
5.043257657191239787e+02
1.055220497085056195e+02
9.705565913503505726e+01
-1.103407796268847108e+01
1.279944809576737725e+03
-2.898302232698129046e+02
2.865685599417116691e+02
3.530836049275588948e+02
-1.911304619034069106e+02
8.598955464680302896e+01
4.094755961741164469e+02
2.482824270705167180e+02
2.847843100556537479e+02
7.589558790858447992e+02
-1.650387240215075622e+02
1.010456095195626176e+03
-9.834263776767082845e+02
-1.897585059220946277e+02
6.411195861271967260e+02
4.284421268705848007e+01
3.019333162335245220e+02
4.014507319556641392e+02
3.333675613928666053e+02
1.710980366674842230e+02
2.902369337718072302e+02
4.296107807341005582e+02
2.351806412364383903e+02
2.574003199593458362e+02
3.180032581622749035e+02
4.465328408374189735e+02
-3.267996283684254308e+02
3.041001045992105105e+02
4.199236390204141003e+02
1.079932772236724759e+03
-1.400100763107264754e+02
4.207329088537708230e+02
6.385491024180893760e-01
1.561319461155383976e+02
-6.949213976347063237e+01
6.013708539944917675e+02
4.310349898495997536e+02
6.328793510895452528e+02
3.486638535091545918e+02
7.263893341883365906e+01
8.133907700552380504e+01
2.691567710570643044e+02
9.631660027257524916e+02
3.911854612308382002e+02
1.745035573414090280e+01
2.139521503264427054e+02
7.611940089381043606e+01
6.080898679228271249e+02
6.536434214466607955e+02
6.403924824590454818e+02
7.217389841818973082e+02
-1.630273255089194890e+02
1.155757779420806841e+01
1.382773374406330277e+03
5.260191721800892140e+01
2.321644119789627325e+01
4.501620780458822537e+02
7.049545694692358211e+02
6.154240102788568123e+01
6.469218380844812373e+02
8.500276665642721809e+02
-2.157951603221140502e+01
3.386544434313806278e+02
2.865253044330209491e+02
3.873911893056923645e+02
4.221152808549143174e+02
1.878413428609036657e+02
5.501732415602808715e+02
6.457807507886364817e+01
-7.057075482139745759e+01
1.883816913882224071e+02
6.536371961966596018e+02
6.122182187961357158e+02
2.318095176803633990e+02
3.705429464554779173e+01
8.259520193017713154e+02
7.928338277523323541e+01
-3.776707289947665203e+01
1.450242308228137915e+02
1.146599051209264530e+02
-1.180106828821344038e+02
-2.797387142748268474e+01
-7.057665724454665224e+00
4.044283355947184191e+02
2.415730593676121600e+02
4.154870527145226902e+02
-2.503723774315507740e+02
1.316167198765804756e+02
8.763800374041014152e+01
-5.069755204175604746e+01
5.581303782695375730e+02
4.828400311690036233e+02
5.076908076923473914e+02
2.228451226198909296e+02
-6.034458938676400521e+02
-6.797875973543634132e+01
4.079148212902534283e+02
1.555401237719507321e+02
4.969199179005802307e+02
3.010105816887065089e+02
-1.774785567874887988e+02
4.872576648903062164e+02
3.202389532585323764e+02
-3.244203789148427575e+01
-6.156881458418793045e+02
3.691643081497128378e+02
4.658114417558028890e+02
6.878733795889263547e+02
-4.736896505498766174e+01
3.694798792593457506e+02
6.849539264233679887e+02
6.735588012026890965e+02
5.260356733962180442e+02
7.469079720101001385e+01
6.493313060252536388e+02
2.362446033758662338e+02
4.529800064213682731e+02
4.017522019624611289e+02
-3.552454591163653390e+02
6.473520741022338143e+02
5.344501492247843544e+02
2.963369241423278595e+02
4.311458373650191334e+02
5.482255899213241719e+02
-8.507448313603070744e+01
4.493079115966528434e+02
-1.234035153804764491e+02
1.341053339786448646e+02
-2.091569542650394453e+01
2.094202468745516299e+01
6.324208733815508765e+01
-2.471309917403843315e+00
-5.288396993734563267e+01
2.289742682855513181e+02
2.242452963579956133e+02
3.157797115158774659e+01
3.281603830994852160e+02
5.871276743627241785e+02
3.311428500420453247e+02
7.483117735787486424e+01
-4.171138537094644505e+01
2.618187973476677257e+02
7.261294495782267404e+02
-1.638533053738324554e+02
-3.305217468469078881e+02
2.974723727779770854e+01
-7.931522807145927345e+01
-1.671877039547604227e+02
5.214326104528967107e+02
-1.930644298717375662e+01
-4.676186448023553766e+01
1.141080806954049081e+02
-3.676845640008102123e+02
5.114998692337631496e+02
5.387659794436879110e+02
8.132021463056298671e+02
1.087510999476927964e+03
9.243376736758428081e+00
3.590729373082941720e+02
-3.646502877906829809e+01
-1.345175874748933325e+02
1.787632536478492113e+02
3.350935756134684311e+02
-4.481235030051322497e+02
4.569076641807636179e+02
8.691725530811499993e+02
-3.212421486108320323e+01
4.973273010165221422e+02
-1.572502559256562904e+02
2.128542687384557723e+02
3.394341461492986127e+02
-1.390469582504036907e+02
3.335766956910798626e+02
1.846352858157115406e+02
2.392272681305948936e+02
1.015094850474707300e+03
8.977098259126869095e+01
2.912053985969596965e+02
1.097891737760842830e+02
5.575453376178120379e+02
-1.126554274051058258e+02
3.066462213597744721e+02
1.484721255955227832e+02
6.013900607357245462e+02
1.022168123663663408e+02
-1.667323670995080533e+02
1.730131147652134018e+02
8.579709387934709639e+02
-4.207998186557644260e+01
-3.924084907059166198e+02
-5.389551118337202951e+01
7.499281456316899153e+01
3.514891861725017748e+02
4.435678603252725907e+02
-1.054643413067752533e+02
1.269752532445755264e+02
3.603081125834576142e+02
3.963190010464231250e+02
2.781413435387288473e+02
6.646618560723874225e+01
5.731195110966125412e+02
4.272236877089457039e+02
4.701998333149318796e+02
-9.951506538681965708e+01
4.894162112730934950e+02
2.222076434700998107e+02
3.899797900962058748e+02
-1.329837876236990724e+02
1.616422860608573728e+02
1.470136252275146944e+02
5.005818449256757390e+02
3.070563397525051528e+02
7.573498698846478874e+02
-5.338826055064433973e+01
4.702672610225330345e+02
4.171472769649750489e+02
2.583698239836876382e+02
-2.273818798486138348e+02
-1.653931320839367061e+02
4.404706105374775689e+02
1.927280080212781570e+02
-3.078876506487158053e+02
5.754056390785503936e+02
1.005995851349642862e+03
-1.268760958615426659e+01
1.230171906073332622e+02
1.123525776340459288e+03
3.176839040954484403e+02
5.028718773421334731e+02
1.235341024131028007e+03
2.384479344515771118e+02
3.335111266603274771e+02
1.354925970066222192e+02
3.255925030069473678e+02
7.823513137784424032e+01
-1.453693357490498670e+02
-1.537372466789904593e+02
9.494223443413480368e+01
1.115737972849736650e+02
1.636942308487114133e+02
7.595890570465059000e+01
3.775769615075155343e+02
3.803506691550688856e+02
-4.965650212227934617e+02
1.698903870833944723e+02
4.565880412772501984e+01
1.095238757236472111e+03
-7.137212686040754761e+00
1.632981736849463061e+02
9.545459090095368992e+02
1.058146977035515874e+02
2.104766374120318631e+02
-2.843607748747491115e+00
3.180358742276948760e+02
1.860071686766627010e+02
1.760163147271437083e+02
2.620945901588686979e+02
4.264750028442347229e+02
4.641127975054613444e+02
5.698217242311634436e+02
-1.291648294806656736e+02
-3.780973549049444387e+02
7.650243843308915359e+01
4.678309628238486084e+02
1.539537901263668971e+02
2.946767040091745002e+02
3.904467724405932358e+02
-3.964442324324054994e+02
3.345118051729124886e+02
9.508576355063307801e+02
3.435617428092447767e+02
2.660294945334009071e+02
1.712751799171293783e+02
2.735389400740792212e+02
1.119238106230831420e+01
3.975286286555790412e+02
4.255861724369058834e+02
4.549237254966861883e+02
-5.006409422537179239e+02
5.319590407559596770e+02
2.077414297256762268e+02
1.778872761073567403e+02
5.600878895949472280e+01
4.117490509671663972e+02
-1.592728347450811555e+02
1.306101362381450031e+02
-2.639861123887560552e+02
7.767937763252431296e+02
1.047481158790994442e+02
2.855606318384544124e+02
3.452558899452952232e+02
6.855159920936461049e+02
4.716167583484596548e+01
-5.638437601740329228e+02
2.835616359143277805e+02
3.005695493679833135e+02
2.993171138960810254e+02
-1.959990965798612450e+01
-4.465908034773884339e+01
2.291116994985862618e+02
8.958121081166504496e+01
7.112001850993024163e+02
6.243375779862775516e+02
-2.753505944103457068e+02
7.635087326336722526e+02
1.493619204322375822e+02
2.942947400241013725e+02
-2.541019235918031711e+02
1.939592960305119220e+02
2.670804634975451677e+02
4.033541495238695518e+01
2.405785507109932553e+02
8.624605941300990253e+01
-4.681813253727830215e+01
4.274350052231121140e+02
-4.726601202819191627e+01
4.560984730357118337e+02
3.398882986188293671e+02
1.754208928760731396e+02
2.046793480595978210e+01
-4.921654877465178402e+02
2.740670462993121532e+02
-2.291201551607769886e+02
1.307401189423331402e+02
7.296519283952336536e+02
1.153524745646114525e+03
5.103701473435010598e+02
1.438001237697176862e+02
5.048376784575341958e+01
7.912103913995173343e+01
4.504701553386618116e+02
6.024302869409262939e+02
-2.560867099328961558e+02
1.463400099426541487e+02
-2.734405552178617427e+02
-1.867573550319470144e-01
6.371010485925030480e+02
8.035320195740749227e+01
5.092638645188753230e+02
1.839072292668398063e+02
-7.402862711031269782e+01
6.516651786556120669e+02
9.947917372779679113e+01
-4.539601385794342150e+02
2.228873081140849024e+02
-1.450784439143172051e+02
6.108988925755699029e+02
6.131414318851637972e+02
6.440083985280740535e+02
-2.557103071426795111e+02
2.319515042661590769e+02
4.052783175346252733e+02
-6.618649786876983399e+01
7.305403255437937560e+01
2.851669528603206913e+02
2.033348431126769995e+01
-2.910246406154634542e+02
2.573569348643667354e+02
1.507050589524579038e+02
3.254262202412317038e+02
3.822609459119334474e+02
3.137670500102927917e+02
2.944142765247286775e+02
1.575661523425001462e+02
-1.353920906572862464e+02
-1.068013127184881839e+01
2.666496402313093768e+02
2.948753077888127905e+02
7.481292980581425809e+02
3.647946338772732702e+02
1.820911626467532187e+02
2.876192826625314183e+02
5.425651373900644359e+01
-5.377567743437781900e+01
1.364733718232482431e+02
1.197869907689026547e+02
6.871893739577804183e+01
8.169883566687202574e+02
3.830473360749809899e+02
-1.829611001260827265e+02
7.142272641291829132e+02
-5.904608868355670666e+02
2.179964087555688650e+02
-2.306543197580543847e+01
6.881358525906921386e+02
5.330202752032330409e+02
1.966301908966498502e+02
6.111723319629011257e+02
5.265241003948132459e+01
7.898213621312927444e+02
-3.367206680981050226e+02
4.573308193118563736e+02
9.552731487849067662e+02
1.753166729059260547e+02
2.215607454945262305e+02
4.715975928244808983e+02
-2.512230144739025377e+02
-1.223324512826779511e+02
4.730771216792711016e+02
1.862490637572122765e+01
8.278421857769710641e+02
-2.046527015263592091e+02
7.162949919430820955e+02
-1.803364824551215122e+02
3.343096692491697581e+02
3.420826708933793157e+02
5.428922934719606701e+02
3.558905997085640251e+02
-2.681610736051570143e+02
1.049154532875923849e+02
1.003979886797730614e+03
4.235451978125281585e+02
1.399944262346172366e+02
1.899166821646040830e+02
5.576834699737485153e+02
-2.300847451521408260e+01
-2.432043765231527459e+02
7.057634332763423117e+02
5.017159197670307549e+02
-9.554161283166369856e+01
6.524227644228736835e+02
6.026027973256007044e+02
8.473476570735135738e+01
-1.911515807629354242e+02
5.375270052456528447e+02
6.624398334174890124e+02
5.861490813647939149e+02
5.395801360271530029e+02
5.039533952352084611e+02
1.370993251200877125e+02
2.690922458775609698e+02
9.333958127189199558e+02
4.709503470418662801e+02
6.197731087465164137e+02
3.439035263158428961e+02
1.729005684655683126e+02
2.369602348489961798e+02
-1.107474898554527840e+02
3.775383714470172549e+02
-1.439451882579168114e+02
2.977953693443951124e+02
1.187003739035540320e+03
5.100967709441016495e+02
6.430175237472866456e+00
8.041859318865416526e+02
-1.818065047854934591e+01
-1.914963420185720366e+01
8.054194978850244979e+02
-1.501885044153751210e+02
-3.025004970716240109e+02
-7.712353248540843254e+01
5.210406777128514477e+02
5.269135402147692560e+01
-1.685713556228834022e+02
2.146864997247329541e+02
4.437076752056476607e+02
1.417246978929500472e+02
7.006543598831228792e+02
5.100335285228206317e+02
1.388375759335378916e+02
-2.696972721459994204e+02
5.698644423907151122e+02
1.341304859219629293e+02
5.446693341421135983e+02
1.774642732642489875e+02
1.147037800459040682e+02
-7.754159039624934735e+01
2.292020805908294108e+02
-1.949178755756589396e+02
3.991512536658310637e+02
1.190741533705058828e+02
-2.235091038778748498e+02
1.827852300348797030e+02
3.850715178694524354e+01
2.354019987446229152e+02
2.149286835603449219e+01
5.716649729791761274e+02
4.002268836477690002e+02
4.963190978997743628e+02
-1.372188558600596764e+01
4.724247125617169445e+02
4.098396546012265844e+02
5.653453307510529413e+01
1.094959124454877326e+02
6.763142120340519341e+02
1.932553700344902836e+01
-5.712343487486847238e+01
6.356857277778990465e+02
1.410938913329769093e+02
3.807521038255811163e+01
5.125706944077642220e+02
-5.625088390730876853e+01
-1.150762680350081268e+02
2.206958051005671280e+02
2.385050292903046909e+02
1.176170713113927206e+02
2.371541361316819803e+02
1.032630508399180798e+02
1.034875305763690392e+02
9.761318201709207187e+01
3.631592901271076812e+02
3.604212100150117521e+02
2.007484657561012114e+02
3.806320429002772130e+02
2.677980855076925764e+02
-1.849237101566461945e+02
3.802325178754562671e+02
-2.495023205260189911e+02
2.566511513742769921e+02
4.849969285880868028e+02
-4.308219981354237120e+02
8.674335779344008870e+02
4.862038398008561444e+02
-7.812301864864453194e+01
2.170463473616252656e+02
1.657434010320436002e+01
-1.822612004433230197e+02
9.384351273978471681e+02
5.173801431066776786e+02
-2.492856890719508556e+02
4.686559917547675127e+02
1.683329789477716929e+02
3.493210804763645001e+02
1.404665766638537434e+02
7.681244513399428797e+01
9.408812677683481240e+01
-4.934371325714110412e+02
7.758047608443367835e+02
5.573204659009447823e+02
6.060230580205662818e+02
3.997618412606452125e+02
8.678856592743565557e+01
8.097777229622772666e+02
1.218546540788791646e+02
3.705281813557270709e+01
-3.256459685941325688e+01
1.589934508860771700e+02
-2.642065416023395983e+02
5.684273140193525933e+02
1.091412252544211867e+02
6.697896714988087297e+01
7.967409758118252512e+02
1.756869697730971609e+02
-1.236752035548989852e+02
-7.816452060174401595e+01
2.809458003818101446e+01
5.486958380311458541e+02
1.168346590028215104e+01
4.467656453307992024e+02
1.787713303436900674e+02
1.825758931158698033e+02
3.950307119341095472e+02
2.506437961194919239e+02
-2.666998447511232939e+01
6.521472079954918399e+02
8.969549218610092112e+02
-5.874220112510862180e+00
-4.363501424284810923e+02
-2.492531608480067007e+02
-1.843027197964856327e+02
6.049706679617472105e+00
3.252581722811734721e+02
2.990056390955687107e+02
6.059616164178413555e+02
7.052978725551564594e+02
1.121508375098910903e+02
2.714788930458860250e+02
2.181093972161224031e+02
-3.393225069596014123e+02
-1.041264005845298755e+02
1.553997044452541161e+02
3.589197455974653508e+02
-1.324030677745959110e+02
1.084389676746764053e+02
2.248916478935590533e+02
-1.688338814831088825e+02
7.959473671610951442e+02
-1.648190423081268250e+02
5.343665053058746253e+02
4.761902957218136407e+02
-1.936328849465996598e+02
7.542301218457661207e+02
8.476788190058343844e+02
6.933804895466472544e+02
3.988755959007069691e+02
-2.380438741933467952e+02
3.584001803768737773e+02
8.268964837680862274e+02
2.994175689807366325e+02
-2.104787379773174223e+02
1.228960147423835281e+01
1.150152441376183248e+02
1.295246824562716029e+03
-3.184673525068106414e+02
1.003499814240553860e+02
7.426438104628540486e+02
6.518319446714333480e+02
-3.907923714108916329e+02
5.282057070461765989e+02
3.427992654949329108e+02
-1.380883222193078836e+02
1.638792477398280596e+02
3.383298288126848661e+02
4.229464739069702546e+02
7.430467115874730553e+02
-1.848098402963573506e+02
-1.710387628656227434e+02
1.958137364953215069e+02
1.150878596916571723e+02
-1.230598298429531070e+02
3.415451593638575787e+02
6.498820235074167613e+02
1.480315873705435763e+02
2.792442546464526743e+01
2.643744993102853869e+02
2.777962687823605847e+02
5.682086996547170656e+02
9.282152135971583107e+01
4.443582657281892807e+02
9.001280832028186296e+02
9.421286656660093968e+02
1.366807706610163677e+02
-1.016236118106337472e+02
1.031361017650756082e+02
-3.469847002646872625e+02
-2.382506990650423262e+01
8.516850083875850714e+02
1.207442185405416808e+02
-5.654990842796185291e+01
-2.813988114566763556e+02
6.483742458364609718e+01
1.148620879895524922e+03
3.346797331537334230e+01
5.562927999705958655e+02
6.506543407269265344e+02
3.536619750315116448e+02
3.467966406404102031e+02
2.071735601834207614e+02
2.525624134556864249e+02
1.687980638877429271e+02
3.664242107884434745e+02
-2.926670086945729850e+02
5.441321880876756723e+02
-8.967348091613303041e-02
4.640049487902967371e+02
9.371496047953945663e+02
-4.416761541337629069e+02
-1.274226997555875727e+02
2.048238429655366701e+02
1.181672623756148965e+02
4.915624606260321343e+02
5.269018292815464974e+02
3.715348445718779544e+02
2.983691415167918422e+02
-2.191547444964069058e+01
1.268564887790864532e+03
1.705240634186441866e+03
3.853270127732773886e+01
3.859388449330259050e+02
2.529428781737655640e+02
8.145821698320208952e+02
-9.176346819596707860e+01
3.257264935441813805e+02
5.041581539432879140e+02
2.266331339652538475e+02
3.622215398511731337e+02
-2.086199535986244200e+02
6.538807243141893650e+02
2.327841454250051925e+02
-5.177149771089913202e+02
-8.422655164820352525e+01
4.644301918798782935e+02
1.120417499624339541e+02
1.010755210846568701e+02
4.512693487516199866e+02
1.278616430529526156e+02
-3.698823203016610819e+02
8.966994822967263872e+02
9.730477865475205590e+01
1.571544421628950090e+02
-3.308557762063376231e+02
4.063527370126827805e+02
-4.267445687724173808e+01
8.930162216697170834e+02
-3.583250766002666978e+02
6.297300762031056820e+01
2.763828876616859134e+02
6.574556373038175252e+02
1.026541088012007492e+02
4.904113601281816841e+02
1.338923344110081644e+03
3.619287098816707839e+02
5.407426011848759799e+02
8.487187104594172524e+02
3.886036072092752534e+02
