1.144356745511182822e+02
5.044876367189349935e+02
-8.619233811131626055e+01
1.017663008077248179e+02
1.643975494744411208e+02
2.080563256664673304e+02
1.689301088183059676e+02
3.205022509339446657e+01
6.366630032239372383e+01
-1.699709176587072434e+01
3.080613735307917409e+02
2.524995921985818939e+02
1.767159619778558408e+02
6.844516995445511043e+01
1.268293069251268150e+02
8.181326063923969514e+02
2.023086784790849038e+02
4.031351769942453984e+02
6.404572217174451225e+02
-2.193275519232152533e+02
4.383497450352671763e+02
1.346558004251179170e+02
-6.955955527086521784e+01
1.438419076928198024e+02
7.099193523703351048e+02
1.104738967628296393e+02
2.893629670314559235e+02
5.937948514286412092e+02
3.333810133580008710e+02
2.816977458383435717e+01
6.782718005083819435e+02
1.909181083408552695e+02
2.774401432403574290e+02
1.513016530505446440e+02
2.744979713373841719e+02
-1.152879220308329877e+01
-2.948140475459312597e+02
1.436863338028485089e+02
2.164154454038242648e+02
2.950302491102105478e+02
7.872625791278277347e+02
4.955557602578981147e+00
-2.157382102371759203e+01
1.154789690810887492e+01
4.870059719977892314e+02
2.626683272284556097e+02
2.158922848916278099e+02
5.189816838027254562e+02
2.625184797979219411e+02
3.680058891043737503e+02
2.545528608891050126e+01
2.092733461782653706e+02
1.062869264624619206e+02
2.904603456938909858e+02
5.837648340965356510e+02
-1.451230883789682480e+02
5.432426039565851852e+02
1.750977208013673874e+02
6.847550931923766484e+02
-1.215581622873577317e+02
-2.563266339910698548e+02
6.218346033772495218e+01
4.328554635316656913e+02
4.312706746861177010e+01
3.949336791476764574e+01
6.665340346078383504e+01
2.712090477923898106e+02
4.217670601385912050e+02
-6.560724557783119337e+01
-1.620833223387501221e+02
-2.575178197858240878e+02
1.333480715378602497e+02
-1.145040261711854157e+01
3.048017987616768778e+02
1.830202539535661970e+02
6.308854410341018593e+02
8.893287609385603787e+01
1.051963829690443163e+03
-3.127878750435690591e+01
-2.091525775242644158e+02
3.371592845701431997e+02
9.119650895830968693e+02
4.536051366730911241e+02
7.991367312672701928e+02
4.432796717348806510e+02
-7.539170030021590208e+01
6.181690715222389372e+02
3.389246262528333205e+02
5.619424870780818537e+02
-5.977935347836712765e+01
-1.836670403928986275e+02
-1.409723194080413577e+02
-4.563491219834936032e+02
5.587284486082068042e+02
4.860947075628592984e+02
1.061288375695916557e+03
2.531668994972666269e+02
3.802833194953007023e+02
2.003000155774754205e+02
1.173714355501805585e+03
-7.129199081223023882e+01
-2.500417720660934719e+02
2.748717116328046473e+02
1.092735885376757778e+02
1.611444954444333177e+01
5.279263665968132955e+02
-2.825890421874414642e+02
7.443612017841560657e+01
8.794367524984080546e+02
4.720041561496429381e+02
4.551389247579883204e+02
4.474272518574503579e+02
1.447435454232470420e+02
8.752419746420798674e+01
-2.015778895573521368e+02
2.977041982611453363e+02
4.661965994059942204e+02
2.802168969776053018e+02
4.616680895108298159e+02
4.816711086630917862e+02
2.841991277752422889e+02
-9.506882405430850724e+01
1.024942949652623838e+03
1.009373138894978752e+03
6.503431884304354753e+02
2.411663776653908826e+02
6.948484029497832353e+02
9.834058133097250902e+02
1.474711387303034087e+02
7.099817271997992520e+02
1.088276139211501686e+03
2.831072992833198327e+02
2.272241697725700860e+01
1.665075113656936310e+02
-1.503529390562890455e+02
4.388555763450825111e+02
1.495427439367467173e+02
1.611606677519330333e+02
1.383367233742441158e+03
2.813945779449803695e+02
1.416446809550517401e+02
1.982789247962134596e+02
4.900814844175229723e-01
4.884845425420417655e+02
-3.578294502852325536e+02
4.681332548497998403e-01
5.253869700143090995e+02
-7.361879995413386268e+01
1.327316038646251783e+01
4.305358459944773131e+02
3.819958264972070765e+02
4.256868530883503468e+02
1.303777924922312437e+01
-2.819019915373458929e+01
2.612436739742358895e+02
-4.872910273152124887e+02
-2.668603070467039515e+02
-3.906610779294043141e+02
2.645536821055396786e+02
7.684549282331803397e+02
1.939817324678842567e+02
1.321050577396592416e+03
5.031708618086474161e+01
-1.063969636718548344e+02
6.762119923920378142e+02
3.604440369203749697e+02
-2.444841838267061860e+02
-4.235078818269603573e+01
3.507131837496987146e+02
-2.253437817302397406e+01
3.817902041744133044e+02
5.041607331916503085e+02
6.038983070047232360e+01
6.521641724404433660e+01
4.989742573989886409e+01
-5.882509732465196066e+02
1.197657749455213150e+02
1.369259824291642076e+02
-5.525035389857293922e+02
-4.092684702935417818e+01
4.271466293628295148e+02
2.948536144904008793e+01
3.035512026017367475e+02
4.439061033261079388e+02
-2.882097764111023253e+02
1.082030347522667398e+03
-3.351032939996235882e+01
2.465603497464217924e+02
4.226818881248699995e+02
2.801878609107834563e+02
6.456240215523033612e+02
9.445723120060947053e+01
9.170273087260083003e+02
5.470428250044299148e+02
1.910119665469836434e+02
4.950729947259941923e+02
1.256351419021365814e+02
5.274067411387617312e+02
-2.664026067521024856e+02
2.807645192936748799e+02
8.055361384402276599e+02
3.343191785787487902e+02
1.075321613126849570e+03
-3.321650119211313381e+02
5.349500891244421297e+00
1.995794363448997331e+02
2.344393649014793084e+02
-4.652609951207666938e+01
2.150473924166066695e+02
7.310141614692363987e+01
2.981712741527097137e+02
2.243959162034999224e+02
3.144037008385374747e+02
4.568831071920564568e+01
1.326209004584326294e+02
4.855712754340011088e+02
2.464978175751185461e+02
-1.555674252440848591e+02
6.104846643734182408e+02
-8.706361708981037850e+01
-3.443758139377867451e+02
1.247328808651242582e+02
6.928295161638071420e+01
1.110937348277901492e+03
3.584353911529324819e+02
2.299273386180377656e+02
8.361376557915368721e+02
1.450344597493987067e+02
8.865581093431535464e+02
1.325781970702918215e+02
6.860454960647962253e+02
5.902989974704961185e+01
-2.129576103338854125e+02
-2.128542177293404336e+02
2.037323542023709138e+02
3.400216145112892718e+02
-9.005039560887824734e+01
1.177509842383840635e+02
3.823027914551782374e+02
9.463117291868961729e+02
1.029353798293398086e+03
7.097468106672434374e+01
4.853515125036796007e+01
9.783229887382252343e+01
5.135736548319255235e+02
3.322766108525460709e+02
3.350812575922242331e+02
2.406354301189193166e+02
7.756314980136891108e+02
-6.991893431510341088e+02
5.626304461597702300e+01
2.797128017518065235e+02
3.141030726249622376e+02
5.309136495407235543e+02
1.509081797448043574e+02
3.219902388905604766e+02
7.965706881711886354e+02
2.693776109125725498e+02
6.726566914343631254e+01
-1.797853269277413801e+02
1.216477563763752272e+02
1.109948843076119374e+03
-3.082163581272732245e+01
2.404601568748422551e+02
4.683534137923167009e+02
-2.080574906656928746e+01
1.077912364473368143e+02
-2.650799323904101925e+02
4.369719691376667470e+01
1.917690668305017709e+02
2.919476138841239390e+02
7.927951830491817873e+02
3.085293074880262338e+02
6.640932961270533497e+01
3.097660983484134363e+02
1.142927108125997222e+02
1.310670099120977170e+02
7.081388589162651215e+02
2.266671070645286363e+02
8.769126969330612837e+02
3.161727607952192542e+01
3.571142944830259580e+02
1.429230144219938126e+01
-5.241347464739845918e+01
-8.421833438909223446e+01
1.089562472487951084e+02
-8.488832974069397608e+01
-1.398813320574369357e+02
-4.380445491920440304e+01
3.103796595760518926e+02
3.028355141062014013e+02
8.496453429584410060e+02
1.281947220520657538e+03
2.024364887580950949e+02
-8.143007200668920120e+01
-2.673468801683100082e+02
9.895911833679326719e+01
6.913420501032982202e+01
8.471261871935299723e+02
1.432200859005227755e+01
4.823390301544312138e+02
1.321873921543990207e+02
-3.077211729259340132e+02
-3.656991611261013304e+02
6.927592446615477684e+02
-8.396607813377741536e+01
5.066495530425810898e+02
-1.600646096176814694e+02
6.007893460926852640e+02
6.527787736339191724e+02
7.750419154354243574e+02
3.223736845170586207e+02
7.465720475482714846e+01
-1.073854686338206648e+02
3.111838228279463578e+02
-2.885404233133867820e+02
-1.349066112395605046e+02
6.335864676190318505e+02
1.811243543793652009e+02
4.424156558531784640e+02
1.226454545103309073e+02
5.590452232401383981e+02
7.900129389160795199e+02
1.662526288407588595e+02
1.539153341398970554e+01
3.612978805656161398e+02
1.324981195702832792e+02
5.328422685169065289e+02
-1.536789435658788250e+01
-3.809068533574237136e+01
-8.913005124005053403e-01
9.538363297364712423e+01
2.975527924093885872e+02
5.889191529821345057e+02
3.128203728609170753e+02
5.739805409103175862e+02
1.632628574434930329e+02
-5.914320403118448866e+01
1.472569538639553741e+02
3.175497396448158725e+02
-2.950182292179847536e+02
-1.754841237969656902e+02
4.517282285003005313e+02
1.161581319209467438e+03
1.649729034316273157e+02
9.882334893536491336e+02
-6.399277050757714846e+01
-1.430262903465531110e+02
2.183581711958959204e+02
5.570595330033405617e+02
2.653618820080425280e+02
-5.560168025757345589e+01
4.907829359457619489e+02
4.583885456383185328e+02
9.298867825037239072e+02
5.834204492717248058e+01
1.367038361721278505e+01
7.670152805247290644e+02
9.340510058142489243e+02
6.328066125568843745e+02
3.929742684133602779e+02
4.611997331934525164e+02
3.071888627018593638e+02
2.224166162488272960e+02
-1.902535788544505380e+01
-1.465509782662852558e+02
-8.253578781893853034e+01
1.406639914531418185e+02
7.017528083809423833e+01
1.335379697940830397e+02
-3.274274369487701506e+02
2.075408656023543585e+02
4.776388056282267769e+01
9.004778216395067147e+01
6.223328385300038690e+02
4.278710071476232315e+02
-1.631409068113815408e+02
1.883087830250373997e+02
7.066169748679485565e+02
-3.038728072114491852e+02
2.525249733152026863e+02
5.530640747584048995e+02
-9.192751048866013264e+01
9.316635035031202960e+02
7.463027748141860229e+02
5.289810779334939639e+01
1.013441723493311599e+02
-1.097679676445992811e+02
6.776098834252834990e+01
-3.266480170545953570e+02
-1.765101066926808073e+02
-2.727701642533613722e+02
-8.535795052254840698e+00
1.184641200969640238e+02
7.181126338219344234e+02
3.526529633625484621e+02
3.016864772443699749e+01
5.657447171861542756e+02
-7.185402069830566063e+00
2.036444631769915077e+02
-3.278744327823878280e+02
-6.257387271156265030e+00
2.790183149368857585e+00
1.086430790278665626e+02
4.400428874800909966e+02
8.019582754034252048e+02
-2.991990642465513019e+02
7.128623765355878277e+02
2.021195715412815730e+02
7.252493805776562112e+02
9.065867165056013732e+01
1.520727749501121480e+02
7.135921923658023616e+02
3.603430565531595562e+02
-1.319436362907819102e+02
5.797712562494385224e+01
-1.086321506518556106e+02
2.470444347729158210e+02
-8.079168187378228083e+01
-2.751203622172473047e+02
4.697699991633392074e+02
5.146507220933942790e+02
1.428077940852988093e+02
4.506288287183783154e+02
5.513849034668334070e+02
8.046646988630523083e+02
2.563933147825248398e+02
4.133381141908113818e+02
5.535081785642411205e+02
4.337405575006192748e+02
-2.782742288056842028e+01
3.363725475447402005e+02
-7.348729470786375373e+01
5.457263011519493148e+02
6.609903688998995221e+02
1.716963182457101595e+02
6.701367971708561981e+02
8.620017742342714939e+01
1.818108653981219049e+02
4.096081356130446807e+02
4.929710509772777414e+02
2.583032916381455379e+02
-2.665128093647224716e+01
3.140488338651112485e+02
3.421890331373186314e+02
-4.738462023442779127e+02
7.807374122301653188e+02
4.583512591418158877e+02
5.208720379070806530e+02
2.978377737415466981e+02
3.805989490077533333e+02
1.986903418426295502e+02
-4.203307296562944373e+01
-2.094906219618041519e+02
-3.244059859954997194e+01
-1.117691416169354284e+02
4.560733781068583426e+02
-1.955870580253416051e+02
2.286038433243789427e+02
3.536120718150582434e+02
3.079679062752981054e+02
9.412997286372578287e+01
3.881277353761808513e+02
-3.175744516183563633e+02
4.461191827200621560e+02
9.791159405417400308e+01
1.727266503324250380e+02
-3.053704170429687110e+02
-8.565995337087475292e+00
4.039160142482533047e+02
-1.314025587773423354e+02
2.283238506152148375e+02
4.791066304607979873e+02
5.015166427834917613e+02
2.390950362329427321e+02
6.688798087168358961e+02
2.213730937379879720e+02
2.046943561054363272e+02
1.169769795948260764e+02
4.974723143626896160e+01
2.247597631505761058e+02
1.743365944548717721e+02
5.205517034934268850e+02
4.821708964627427463e+02
1.768893021845966018e+02
6.662365907412485058e+02
8.616843243835046451e+01
1.367038326248595013e+02
1.320609285590620345e+02
7.104963733026713157e+01
2.573593138119099422e+02
6.042274108520617801e+02
-3.154307109963008884e+02
6.341873003365677164e+00
1.828438583890351481e+02
1.206218496064606143e+02
2.251178749393374119e+02
4.572049176133422748e+02
6.194035230433197512e+02
-1.256477147049430982e+02
5.986966065389193545e+02
9.731381554792020552e+02
1.013667941839621705e+02
-2.069798804337802380e+02
4.864990639743365364e+02
6.830959757972036073e+01
3.777064585893979825e+02
4.662827912527739045e+02
2.631341575733701461e+02
-3.997129837315385714e+01
2.469071714268001472e+02
1.620531639605733289e+02
-1.940710910755736904e+02
5.197952433174615408e+02
3.909132880083377586e+02
4.320395319858597531e+02
3.741055251815773772e+02
1.317631924173937534e+02
1.936957484978056527e+02
2.682018524595510485e+02
1.053417102908005916e+02
5.531631079498662302e+02
-1.086188311207882862e+01
3.620141049237726065e+02
7.525390848506536940e+02
3.778080988412028773e+02
1.069454010423439513e+03
3.412015949173224527e+01
5.547528563032515194e+02
9.905573755881574698e+02
-8.691368366755951058e+01
-1.375708407656153156e+02
2.112151389006620548e+02
5.238162687635326620e+02
2.347931038092951894e+02
7.100124943295122648e+01
1.579891675239074900e+01
-2.711704885485129068e+01
2.679722078428951590e+02
-5.556516851217544684e+00
7.417186958279778537e+02
1.034763675537496681e+02
3.619689855750326615e+02
1.154469230116148083e+03
5.896691321329299171e+02
4.062975588854362172e+02
5.303482465190724042e+02
3.219209662997403143e+02
6.316594016125867483e+02
8.589412233351406201e+01
1.277183604092788300e+02
2.212745307574475646e+02
2.659560719563037310e+02
3.560666856843949972e+02
1.024392628099448984e+03
1.078370480195045957e+03
-1.134991997302119415e+02
4.417664958332680385e+02
4.699623720781369229e+01
2.870223387967511997e+01
-2.133736134924137104e+02
4.515383485262797194e+02
-2.227572043788914868e+01
-1.017808449655600356e+01
8.357595717367411225e+01
8.402839082582723051e+00
3.914132590211617924e+01
2.258660353887905217e+02
4.407538062302436401e+02
4.534016667088295662e+02
4.241098173815457812e+02
-7.896166847266803757e+01
1.804522214335734418e+02
9.398128745260621031e+01
-2.069026763009320575e+02
4.987663753902504595e+02
-2.841571170076078801e+01
8.761836437728758256e+02
5.019704511736740642e+02
3.320493032266134037e+02
4.944812013306294318e+01
1.527661458045046743e+02
-1.398949411939781839e+02
9.823846036230882817e+00
-1.725722525676511907e+02
1.369998623667796949e+02
7.302590392966632749e+01
3.031845191091944685e+02
2.753248368563192798e+02
3.253580445870205153e+02
-1.168701485442908847e+02
1.939179336312298005e+02
-3.400019594004376700e+00
4.149271438900182716e+02
6.253121223952248897e+01
6.887527684606365597e+01
7.226772321778599917e+01
4.122501866628549010e+02
8.624947120373157077e+02
3.449650898263236343e+00
-2.572416624280186284e+02
1.270883499050815857e+02
1.556878983604134987e+02
1.011683639924032150e+02
-1.262483179831523614e+02
4.599609965724871472e+02
1.632265186992519830e+02
3.630249654550580090e+02
4.049981057110560414e+02
4.710115178477775544e+02
4.219108745831733813e+02
1.506769395823512525e+02
2.811758302148117536e+02
1.734326831014001300e+02
1.103000749677560179e+03
6.218020480918761450e+02
6.272791742401763031e+02
5.733112688617974300e+02
2.261158520305916113e+02
1.014645153163680448e+03
4.538095011874187321e+02
-9.109841649147398357e+01
9.086574964720588810e+01
3.557159765535602673e+02
4.964077615056597779e+02
9.206039443340119988e+01
1.936369519128745935e+02
3.796777921865254939e+02
3.206142478621130749e+02
1.810389135981651236e+02
2.293956727406874734e+02
1.238930360032680710e+03
4.043673356168142163e+02
5.625704288549853800e+02
1.297160212512872874e+02
6.014649695754714003e+02
-2.675631976112518018e+01
5.941324089536899464e+02
3.886664037343326754e+02
5.030676314178222697e+01
1.753069202912839941e+01
1.801180300115334774e+02
9.426795693844934476e+02
4.599154830575923825e+02
1.054186910385629517e+03
1.710410631670603721e+02
-2.740849021738345073e+02
4.607467575706590424e+02
1.198769257833461523e+02
8.208205617916191841e+02
-1.327335839157298949e+02
5.530863985886335286e+02
-1.198923537536135200e+02
5.048730090413064886e+01
5.026932662599327273e+01
-2.217736420376094202e+02
-6.711754220091632988e+02
4.580013396458051602e+02
7.479728906795851344e+02
3.461778267117462633e+02
2.913548404828675302e+02
2.901838823864048891e+02
4.714707402331343928e+02
9.932212739380830158e+01
1.147976554891169911e+02
2.640151857254745096e+02
-2.111181707534729242e+02
1.054040742468254450e+02
1.425962271991047317e+02
-2.955542219832403461e+01
4.502440643579310517e+02
1.311604215917983822e+02
2.696538326302932660e+02
7.819330162793303884e+01
-2.580736595546020453e+02
3.264220421652316872e+02
4.033646733104860118e+02
2.021753722663770247e+02
2.817798853827307539e+02
4.603442752650183820e+02
4.902882704339853035e+02
-5.953372474993566499e+01
-1.078235098306715827e+02
3.852149241389868450e+01
5.104518725420557530e+02
4.296601904721941310e+02
6.637044028602808794e+02
-2.433887540806813377e+01
2.590537434930308223e+02
4.054228203233519139e+02
-3.883347650680246375e+02
4.554827353021051977e+02
3.690285144886195781e+02
9.461313951513096754e+02
2.947345760634044609e+02
1.096390918715753742e+03
3.571597276334916273e+02
8.553054422787483873e+02
1.562129341915243117e+02
-4.128459215940047500e+01
-1.285924919717023158e+02
1.247261446464769108e+02
3.616293651073871160e+02
-1.266005401852501109e+02
1.770043123926118938e+02
1.188470291880129821e+02
-1.134858436423381534e+02
-6.579665756882303640e+01
9.644176600710325147e+02
8.158826537262956435e+01
5.939612631726132008e+01
3.390665234609199956e+02
5.556230941594243404e+02
-1.731690749786077390e+02
6.750305665695798041e+01
6.687838061285618778e+02
2.067517899710132667e+02
-9.842394879728243495e+01
7.790406971535717275e+02
3.629769066060820251e+02
5.395601080097278555e+02
3.051922292103641325e+02
3.563460574796694686e+02
6.525749390654923445e+02
9.764206063633919541e+01
-1.745979751017176795e+02
5.021940856174823011e+02
1.572580404219711170e+02
7.282291425141016816e+01
3.457223011624490994e+01
5.655036638675560425e+02
3.751983093669379627e+02
5.083431410770209027e+02
3.279146396891949848e+02
2.401545235432926262e+01
1.471171351497108901e+02
4.153881978898334069e+02
4.104591804037012253e+02
8.196360393408218670e+02
6.985364567433144884e+02
3.846575070372107348e+02
5.518135439514472864e+02
3.460212612741420344e+02
1.118083589671792595e+02
2.115012505576824253e+02
2.861485287755576792e+02
1.075248607891415702e+02
-1.135299104556855525e+02
1.758328247387697445e+02
3.783747586922630148e+02
4.207050918291984090e+02
-1.168206754494155319e+02
-3.236140112847600392e+01
6.830285213551526624e+01
3.462712200750230522e+02
8.645813189975754653e+01
3.423667964507295665e+02
6.793627813697011106e+02
1.185065946796921850e+02
9.928981367791918444e+01
2.236217779095976255e+02
1.424941098694886819e+02
-4.401776179602015873e+02
8.632286968487072727e+02
2.846678381671511033e+02
2.087179561029450667e+02
5.693014663085718041e+01
6.895067360845273470e+02
9.617886918455451450e+02
1.251936900786459006e+02
-5.883566073449811995e+01
8.213282224212295546e+01
7.190919663029804951e+02
-9.531509448003166085e+01
4.399834950491400605e+02
-2.781753734372966846e+02
8.256151835499304070e+02
-3.192972900989816480e+02
4.668792218029178684e+02
1.128075924853570314e+03
2.227041806941230107e+02
-1.146015948636996882e+02
2.211953414898259211e+02
6.363098156965619410e+02
1.429780433525820342e+02
3.425919022213410585e+02
-8.623876722226052038e+01
-8.499534118337727762e+00
7.127882098826422919e+01
-7.470904564462829001e+01
3.106452756307456866e+02
2.047283205052894175e+02
3.999443059098342701e+02
2.979624724071896367e+02
4.317208197097189668e+02
3.836023097796547177e+02
4.023092120087175658e+02
-1.292047756414203263e+02
7.827287712710855772e+00
2.668393608402911923e+02
2.871907588933742659e+02
-8.528428375444399023e+01
4.052383615591681973e+02
-3.733013591364551758e+02
4.444993959000360064e+02
2.479525871187578616e+02
2.146890037610752984e+02
3.265876146402253539e+02
2.504429029746023332e+02
-2.637971349733807642e+02
3.846720967230901067e+01
5.854668384573434992e+01
-1.746507510038354383e+01
1.539545282325620690e+02
-1.459405673445212983e+02
-1.102319633226481983e+02
2.179030338999401692e+02
5.417859090220009648e+02
4.117906866622180928e+02
4.588670069053987390e+02
4.927558381016572184e+02
1.628775288683712006e+02
4.770022740572799194e+02
2.554768528397096929e+02
9.208486510964402783e+01
8.189584216817175957e+02
3.571565338664353249e+02
-2.854520921356284902e+01
8.646240526047677122e-02
-1.258276260120043446e+02
7.800309001214395721e+02
1.015751803782059284e+02
2.748142369366823914e+02
2.903229936090560273e+02
2.046762787666067425e+02
8.043503205818329889e+02
2.941270848016333161e+02
2.655727557056143269e+02
8.616184927862569509e+01
6.543406091712020043e+02
7.658829701794317657e+01
1.352400188977225355e+02
3.723774610761562940e+02
2.643597822629560596e+02
9.465881710702139173e+01
4.107314347870130291e+02
3.537912244581149253e+02
4.754714799169102548e+02
8.059497271108322138e+02
4.586222331211816368e+02
6.043775807728230802e+02
-1.736898151890452198e+02
4.224719392580474278e+02
6.868860688185363017e+01
-5.307199255724071918e+01
2.966009117858432091e+02
7.712470534276601484e+02
-1.053127864032118453e+02
1.082562057106375732e+03
3.982258681016153332e+02
2.230310802029433717e+02
2.007164931919398612e+02
5.966067587250972082e+01
-2.843841835166252849e+02
4.220666509980420642e+02
4.179002895635055381e+01
8.492672191565928870e+02
3.704150094606568473e+02
3.716792089901333895e+01
9.591509685210983349e+00
3.369444504763175132e+02
-5.329646931522802333e+01
5.837745099821270287e+02
-8.131835957985171603e+01
-1.629584790934786156e+02
-1.096693997282182664e+02
-3.992118274708531089e+01
-1.419802331769843562e+01
-1.672379549904014766e+02
1.121860399666331034e+02
-1.163107877018327940e+02
2.749411906249480353e+02
-9.002227872933120523e+01
1.815676507366395640e+02
1.846937246015797029e+02
4.299446586470363627e+02
2.213515979884400622e+02
1.715458037130050002e+02
5.136017734480276431e+02
6.798633541676720142e+02
-8.833060578169754251e+01
3.284075103526732846e+02
-1.283897793844167552e+02
5.770427696963188282e+02
-7.285215561039461818e+02
5.321682660926975927e+01
1.793618249342078457e+02
1.188712148130829149e+02
7.187166588953357405e+01
1.819700175076996516e+02
1.742625349243106143e+02
3.356475679991692118e+02
1.167834400193804640e+03
-2.440848570532492943e+02
7.307561565045413090e+02
1.462855536741768674e+02
6.481380949204887543e+01
-1.280166768077662596e+02
1.206278817126371479e+02
1.465785251295025660e+01
1.238754351603336318e+03
-5.507689435642803488e+01
-3.825079413881539381e+02
7.128423860606814344e+01
-6.068892529161291804e+01
3.790226034666776513e+02
1.582807475793135552e+02
4.198076427933268917e+01
7.172682368226487597e+02
1.736421191326301994e+02
-1.712029632316654926e+01
3.993828000451144078e+01
4.723497971216920064e+02
5.048332161516518113e+02
1.499946296113254505e+02
1.608094602083681934e+02
-1.381756270123414936e+02
4.059453427810805124e+02
2.012032320782893464e+02
5.479912536563829235e+02
-1.106256160520911749e+02
2.295146794563575838e+02
1.194205544102358090e+02
-3.330440823807339257e+01
-5.032559445034037253e+02
-1.448351484588631877e+02
3.838380774104813895e+02
2.190513013626663508e+02
2.537649391960269440e+02
9.155095553105878707e+02
3.180277834805223165e+02
-2.085303953923404663e+02
2.197494197315718054e+02
5.896026819670364603e+02
3.672022492659681916e+02
5.114176570526781802e+02
5.115188989081964905e+02
7.223510252671144372e+02
1.677669343651556630e+02
9.871305757498818423e+01
4.791517565989167906e+02
5.479346931352584988e+02
1.192004691709235203e+03
6.624649909263330301e+02
7.064962115106883402e+02
2.759841348482816556e+02
-1.273642320975507261e+02
3.447570378897489149e+02
9.291350450715536908e+02
2.890811642769184573e+02
-2.755866789467390277e+02
1.435177005024604284e+02
-1.820833828211854097e+02
-3.374788214709160883e+01
4.062495219464540241e+02
6.908298241335009493e+01
-2.267288265996336705e+01
3.536554923520010902e+02
5.665881435454829216e+02
7.367326755931841262e+02
2.200386778223739270e+02
3.516018976521478407e+02
4.123218157354715458e+02
1.595628462160048286e+02
3.805213770204930483e+02
-2.094547138231577321e+02
7.653169635106576152e+02
1.661947126422964516e+02
1.771558857574666490e+02
3.475900506256419931e+02
9.224038088363354859e+01
7.720176091964097509e+01
4.126035269940408057e+02
2.225424350625764305e+02
2.078327494226388126e+02
4.019651444205659914e+02
1.430889783254162637e+02
5.998699861870348968e+02
-2.856424869458073204e+02
9.532873047412381311e+02
4.118507561991847297e+02
-3.560469006117573372e+02
8.018262362126362177e+02
3.533268761114965173e+01
-1.021438619822609013e+02
-1.365579375340318506e+02
-4.331770166034477825e+02
3.482700795331428480e+02
-1.352158646200951466e+02
-1.774633937424259784e+02
