9.355941547788475532e+01
1.970706235195462170e+02
2.985671504388171229e+02
8.466008508340659091e+02
2.009320580044957296e+02
1.702435654624519827e+02
1.004809592059995680e+02
-9.365836703303470756e+01
5.925396331949576734e+02
4.748206384581064299e+02
3.275413738435717903e+01
4.197052765118657476e+02
1.356060353406634249e+02
-8.117094211712517904e+01
-7.108977331323026760e+01
8.238455985291288641e+00
1.427287500645436182e+02
3.374191306701968074e+02
8.211199654246964883e+02
1.056683884149147730e+02
2.501436608612302166e+02
3.397299167192763321e+02
2.103667462732730655e+02
-1.712608906383500198e+02
-3.982043937246390897e+02
1.690266262041544962e+02
2.870963706608462189e+02
1.917534616956779132e+02
5.757403515841469925e+02
2.875260564191698620e+00
1.427106846628302321e+02
9.787549618176848298e+01
3.919518177151201712e+02
4.699164180529404575e+02
1.736455642751680273e+02
1.660183646588520219e+02
3.252412331445132736e+02
9.241319174097396854e+02
-2.012787266927096539e+02
-2.706491533749644418e+02
2.000312640800085262e+02
4.482371646042899442e+02
-1.025136033486851375e+02
4.957913329797930260e+02
9.808339584642590125e+02
-9.305945197886282472e+01
2.559647539672216610e+01
7.571470829312187334e+02
1.507711672953827815e+02
-1.963734683155122980e+02
9.123755950783849755e+01
4.579895634854517539e+01
5.683100798791293755e+02
4.619610236618734120e+02
1.804728024324969340e+02
3.011951039022392251e+02
7.133413252678997196e+02
2.380050187877104690e+02
8.713826617741309519e+02
2.878648649664133927e+02
3.373626647985091722e+02
-1.684894091747859477e+02
3.024894095114115657e+02
2.483337946766247626e+02
4.598780647444124838e+02
1.629614495903281295e+02
5.518372104318400773e+01
2.112250085754775455e+02
1.114301337922924802e+02
-2.884270295683653558e+02
4.695363205296168019e+01
9.095662873690423567e+02
6.563618128117205970e+02
-2.349875942727456675e+02
7.312627435923164967e+02
4.194427772488975279e+02
2.118243017998951814e+02
-6.274457590814351704e+01
1.539085749595125776e+02
4.814538350765997734e+02
6.164904515617588459e+02
8.207444898595198310e+02
9.436759139277675104e+02
-6.547508944340702897e+01
3.727022062099179038e+02
7.204941643084083580e+02
3.278942166472515964e+02
4.387443564950741575e+02
4.200487230008065609e+01
4.138751628069583717e+02
6.580035651795654985e+02
2.646076178808751251e+02
5.422942308997691043e+02
-1.263299141509365242e+01
1.736765876518619791e+02
1.727470432324659839e+02
1.132596086061481628e+02
1.151529763166061286e+02
-7.984722483451545827e+01
2.781856319662291526e+02
3.296954773138142514e+01
-4.176939554085353166e+02
-1.274656971703363695e+02
3.698627044841887823e+02
-1.171451260613843104e+01
7.925921592986443898e+01
5.579106498472548026e+01
5.826368463519595764e+01
3.236769448736604318e+02
7.264808490125913067e+02
4.074705369729365430e+02
-1.872774840958047093e+01
2.470143390389686999e+00
1.639684914349118969e+02
4.064170490325452079e+02
5.209131865760705296e+02
2.641089760725456586e+02
9.711473171105707536e+01
1.776777372326470186e+02
-1.174839325264457202e+01
3.383557481299661731e+02
1.477858516559234374e+02
2.273600068003994181e+02
1.867979393649349902e+02
1.787049119192701596e+00
2.042662990845290594e+01
8.838499466272344307e+02
2.678351797644410226e+02
5.127726592039276738e+02
5.062442521229262979e+02
5.237970641599894179e+02
-1.132557848720247478e+02
1.838897183158616428e+02
-1.669956453902252633e+02
3.946105315900003347e+02
-5.020276664887280305e+00
3.382337126808210428e+02
2.045911856595703853e+02
2.346787047553588650e+02
2.038987865552897460e+02
2.985421154287214449e+02
6.344180931406849595e+02
-4.616035018398435454e+02
4.751459927417521953e+02
1.704890480174376819e+02
4.003902586391177465e+02
3.040726608354997751e+01
6.578716949688713385e+02
1.984585009378682798e+02
3.448478809390568500e+01
-1.484802092451877229e+02
-7.893396396154670924e+01
3.262184297409769442e+02
-7.703769104458089600e+00
3.354796433614467333e+01
2.794251852709535910e+02
-1.793095081712683907e+02
6.254776471393427073e+00
3.848716973144236135e+02
1.526583726344168497e+02
1.532518339601096500e+02
3.525306214521168613e+02
3.000015696544708703e+02
3.666575896738158349e+02
-3.220377115416677327e+01
5.394378548986777560e+02
1.267529309843250331e+02
1.013862211834039755e+02
3.288776150523196407e+02
2.510958240870227201e+02
3.454108201766275670e+02
6.432494524333097843e+02
3.123742259452599228e+02
1.891071614839769666e+02
3.813369534285365603e+02
5.468515680458850738e+02
1.132897872320299484e+03
-1.162506061132953477e+02
2.305601208972384484e+02
5.997488415619278612e+02
9.023710828497413559e+02
-1.275618462048348647e+02
4.076440082555926665e+02
1.244646205334504003e+02
3.429634985820775341e+02
3.685126794551774765e+01
4.018067174829373585e+02
-3.364796643656417530e+01
4.069792980416287946e+02
3.161952460356714028e+02
2.699468671954441135e+01
3.745891005038189974e+02
5.173012105822788271e+02
6.955867594568258028e+01
7.061437932734497736e+02
1.755609761509781777e+02
7.390677480258809737e+02
1.789971228372474457e+02
5.040260005513544570e+02
3.144659288298547608e+02
1.743660820356126635e+02
4.288578312373501262e+02
1.756852904336062124e+02
1.899177819174304105e+01
4.948129197929414431e+02
2.815503231175341625e+02
2.084719394980875222e+02
-1.575248925715091985e+01
2.707756088128111287e+02
4.198247372517193980e+02
6.257531474022478051e+02
1.490947472371739195e+02
2.297531200177842265e+02
2.798060640789234412e+02
1.963528834588225891e+02
1.707832228112044959e+02
9.389915021096144301e+02
3.781151499889596721e+02
2.809779504911202821e+02
1.627556921809411961e+02
7.480624527963669834e+01
1.748615237156531066e+02
-1.057334810602165334e+02
-1.031796155280442520e+02
-2.417926730937108459e+01
3.906168027897919615e+02
7.156544439986328143e+01
1.042309731695758330e+02
4.440777267980335523e+02
6.200717059185586777e+02
9.082146745112866881e+01
-2.673952629419270011e+02
-7.062252461080657895e+01
6.447714842340096766e+02
1.252970613585017077e+02
-3.128908396410399178e+02
2.220621586286602280e+02
1.597022669256889458e+02
-4.181826130400316544e+01
1.466573580501129186e+02
-1.526799728886433343e+02
-2.933011742284768957e+02
4.181544850790298824e+02
4.395424905420848063e+02
2.721171267010714132e+02
2.591365742763444473e+02
1.843842589493815751e+02
2.331737761567075324e+02
1.758615508777690764e+02
3.605067422132760839e+02
1.724318425408462758e+02
5.161523808801929363e+02
2.425348973712564487e+02
7.993257879085626882e+02
6.887013384768000606e+02
3.424781637992827541e+02
-2.686088172141619452e+02
-6.247434447276435776e+01
6.079081716302250697e+02
1.975530498682255143e+02
9.563849136392952914e+02
-1.017146508409717853e+02
-2.265750375640751315e+02
6.600149204464668173e+01
2.585515727596840634e+02
-2.369057318603337308e+02
3.783737697691669268e+02
-8.367118524769279020e+01
1.199784178226990150e+02
8.749628485378533469e+02
1.622702011448526491e+02
-7.722320991433889503e+01
-1.395853213743832839e+02
4.214472507165810384e+02
1.439299097232926670e+02
3.188797555511518667e+01
8.718474778284012245e+02
3.488027507535863379e+02
3.285623373266644194e+02
4.902162880948535530e+02
1.284516008574956913e+02
5.768399940087927007e+02
-1.918447138407737498e+02
1.512476867033423105e+02
-4.010530333016043869e+01
2.177676452830532980e+02
2.306656218034263475e+02
2.791158333707707584e+02
1.668867305855326322e+02
1.569901288400825194e+02
-4.617350448129991491e+02
6.657780009551127876e+01
1.883481323573243458e+02
-3.617802166625579048e+02
2.798043222422393796e+02
2.998342755271072519e+02
6.760921305133331316e+02
-2.253086378176875826e+01
2.552374866195439438e+02
4.424241816029078791e+02
2.243889163443888606e+02
2.256151956788404505e+02
4.494615692183791680e+02
-2.359745578234382890e+01
1.045236896971075566e+03
-1.080451266388414524e+02
3.563824418200745754e+02
4.499465118750707120e+02
1.930051084453551766e+02
5.679634421615431847e+02
-2.877301804219404175e+02
1.277766989754271094e+02
1.561822459737101951e+02
5.197392087422032603e+01
7.181930133094535904e+02
-4.502832086356411878e+01
5.370104185973852964e+02
9.400467688826691415e+01
-2.206969495287637528e+02
4.913919195193878409e+01
-1.124862408799586717e+02
1.409025333599476824e+02
-9.817831617520823784e+01
-7.597437097623000568e+01
4.049040761907954789e+02
2.098122481839362479e+02
4.532902693560408807e+02
-6.809701921019656368e+01
4.882037560991826695e+02
1.971675362147840929e+02
2.394524778910012799e+02
2.532449943102666623e+02
8.549138918522538688e+01
1.034944385618977520e+02
2.538518989929028464e+02
3.312015266233140096e+02
5.226112402158665304e+01
1.945664347580873823e+02
-1.593998289393636014e+02
2.823520815168257059e+02
6.086543542333542973e+02
2.204238858462867654e+02
4.602683207776443624e+02
3.299933883935727295e+02
4.551392786773496368e+02
1.788355585978697206e+02
2.736499349331794519e+02
5.587972443699684391e+02
1.970105088520471952e+02
3.139454849225054431e+02
1.662049052131548024e+02
-3.343056278698595207e+01
-3.642287108940934104e+01
7.802380533553448458e+02
1.534753025598794807e+01
-3.279394966650316690e+01
4.581797360096408624e+02
4.215368918928068069e+02
9.821618262785835896e+01
1.941413850196603335e+02
3.115495998513596874e+02
1.655085680905124832e+02
-1.368833968824279737e+02
4.432715308265158001e+02
2.243197421384154779e+02
2.419998422834534892e+02
1.777172641638960897e+02
5.256273870650261415e+02
3.717653994907816468e+02
-3.094337684878091466e+00
4.449301481768812323e+02
5.676131286385348176e+02
2.571610122591859948e+01
8.051546523062839356e+01
6.541186925876273506e+01
2.134922788126655178e+02
2.161399566440636733e+01
1.786682483675732556e+02
1.258831900280130469e+02
1.836212371358032840e+02
8.076553113324357582e+02
5.747859506417308921e+02
7.346387050262164848e+02
-8.109157837837560123e+01
1.718609307936993389e+02
4.261030631457658728e+02
3.407575116346736763e+02
2.660399902053916890e+02
3.013734987534214156e+02
7.317175379464393927e+02
-3.401308976273053304e+02
6.691307722946382910e+02
6.564097049817142988e+02
-1.666809513091554962e+01
2.735787538527942502e+02
1.367062110611005039e+02
6.343881058418332231e+01
4.724764653004343984e+01
-1.880055421379133804e+02
2.088875166643378805e+02
-3.297702528924573357e+02
-1.801265614362073464e+01
6.458094210000152771e+02
4.192731926341767945e+01
1.310246518861215748e+02
4.422002752156810175e+02
2.522491675465777803e+02
-5.571514026110210693e+01
5.738187481773120453e+02
1.035862118344919338e+02
6.845599008651221311e+02
1.977044967542320819e+02
1.658829391920814658e+02
6.349781996420003338e+01
8.131556009725505874e+01
5.437937113709144654e+01
4.221721654611247345e+02
-2.178229255245553730e+01
-1.764229066344487862e+01
3.466947122495053009e+02
-1.466199184430261937e+01
1.881688864839105975e+02
1.756751420881228114e+02
3.457519012470486359e+02
2.749166748959030429e+02
7.117080180013103927e+02
2.583594215676374688e+02
3.437256522054788093e+02
8.059715252063771374e+00
-8.155314547242900858e+01
-1.759996035513179180e+01
5.570145276876941125e+02
4.264912458368892203e+02
4.159452624864933910e+02
3.080433077553045109e+02
-3.381451821518734846e+02
6.559332365572291224e+01
-1.571898809593675992e+02
-6.050105639952514025e+01
1.662477625238973076e+02
2.871066003094604113e+01
6.300939462717393553e+02
6.511996883028723460e+02
5.170523285516256919e+02
3.522233686081245310e+02
8.920648516502498637e+01
3.871862464760940270e+01
6.248421185040912462e+01
-2.891648849234604768e+01
7.106262454403989750e+02
5.990434611297650918e+02
2.787954441923206872e+01
5.581076797330542831e+02
1.890246314527283005e+02
2.274638542741605534e+02
-2.754529814106621757e+02
3.205070143605826161e+02
5.461139238186558487e+02
1.671379700492112974e+01
-3.694896587680457856e+02
1.349000198267294763e+02
2.545327270324245887e+02
3.878722091588369949e+02
7.932929610443508182e+02
1.057191540166202373e+02
2.030757362336102290e+02
9.297406481751750107e+01
2.559628281726262458e+02
1.336509328601641755e+03
-2.235519669807830496e+02
5.922329261971639198e+02
3.863484008933262999e+02
-1.406653544951061363e+01
1.623510683063773286e+02
3.464095171052711919e+01
3.289520264416629516e+02
5.979985604515615449e+00
3.628230989933213664e+02
3.359629717533495068e+02
-1.484891948991456161e+02
5.625936464420909715e+02
2.186518723977521290e+02
4.591695255892665273e+02
9.641872713691444829e+00
1.218488289404178602e+02
-4.140217133888231871e+00
3.776918066342319662e+02
1.066640348856884231e+02
4.991034172910195821e+02
4.797597932848512983e+02
4.152520418059293661e+02
2.945755701451760160e+02
4.214822356976570745e+02
1.518951527201398335e+02
3.942313517347436687e+02
5.484389053139070711e+02
-3.525305600646704534e+02
-9.344535032771260319e+01
7.557912511820678958e+01
3.875235720166589317e+02
-1.133628240590742990e+02
2.796094548242919018e+02
3.607502002969744126e+02
7.565410217639695247e+02
1.005725392001716187e+02
2.855028228513992303e+02
-4.546526768321299272e+01
-1.357037342199106789e+01
-3.451167594296922658e+01
2.091950952361035121e+01
5.760776923362139001e+01
4.446023212760409393e+01
-6.171941425389287872e+01
9.839637265783358089e+01
2.681723330124930271e+02
3.893701669361233257e+02
-1.406647717708313508e+02
1.781391043734503228e+02
1.593851614727512356e+00
3.089002336284766557e+02
1.200005592880038137e+02
2.339852810711136328e+02
-1.165468372039852198e+02
-1.037122938727323174e+02
4.898476307748040881e+02
5.753861147603115569e+02
1.348389162992938566e+02
6.269437533451227864e+02
3.240496765599019113e+02
6.078197942989240801e+02
6.514704608072709391e+01
4.338368304383014333e+02
2.753568155545311811e+02
2.707745375148673475e+02
9.350144816190261281e+02
1.374469679687972530e+02
4.563792882651598575e+02
2.185733854026712493e+02
3.143177351494465483e+02
2.736655946160246913e+02
6.546521871610252674e+02
-1.375420665162685054e+02
8.386052864681006724e+01
7.260216238292119328e+01
6.024659235963998754e+02
3.959836383322894449e+02
1.739348290808835600e+02
2.156086890165031207e+02
5.342374052453786959e+01
3.189090283407128723e+01
6.375389511107903218e+02
-2.530920537006309985e+02
6.947961381188143548e+01
-3.297990402863514987e+02
4.004237482206597747e+02
-2.144620491864547418e+01
3.634134201752240756e+02
-8.891747577979330686e+01
3.917122615779257444e+01
1.035145329402837888e+03
-8.949700155512090305e+01
5.724959976743017478e+02
3.923359032136523865e+02
-1.162293563009297657e+02
3.950115712931735175e+02
5.143154363692090101e+02
1.537536821999158292e+02
4.219764026193059863e+02
6.747605916454691624e+02
-3.394345017929545349e+01
6.229566262335028881e+01
-1.109029424773439985e+02
8.579618696900181476e+02
7.286103469633302154e+01
-1.944947508725606440e+02
2.811297135815960146e+01
1.959913525989088043e+02
1.113304148442151842e+01
1.699382719270606117e+02
1.037510478149041120e+02
-1.432253608236524087e+02
8.350016325405317730e+01
-4.197096844520343666e+02
4.521162620015193312e+00
2.689987806278127209e+02
3.376032324426758464e+02
1.295195745283193105e+02
5.610081072092737031e+02
-7.527868730526225249e+01
3.089351022056535498e+02
2.271723644873379442e+02
2.913749161385320576e+02
2.761492497608884378e+02
1.131120939278887363e+02
4.564518898897381405e+01
5.035808709424590006e+02
2.148944347041410765e+02
4.496199667942471478e+01
6.576544604055168293e+02
1.157885997157735147e+01
-3.079357006558381613e+02
1.114923180070204296e+02
9.779613450341753378e+01
3.739619927270601920e+02
4.998551733676723074e+02
2.126126939006562395e+02
2.841735526412273884e+02
3.970702596351733860e+02
-2.357720988118288119e+02
1.300063829020862158e+02
1.305124771195179108e+02
4.152514176775134160e+02
4.605148746458588107e+02
-3.900557417998694376e+01
3.057329032918726597e+01
3.250593336751955462e+02
1.444702214337449959e+02
7.198412436313869733e+00
-2.141640874630583653e+02
-8.913377030345330354e+01
4.633599601486764641e+02
3.693914347649890146e+02
-4.043520571577111866e+00
3.885690669307317080e+02
6.040650449790992980e+02
-9.482706537160245830e+01
1.061840595711709341e+02
-9.746079576127982591e+01
2.189194249974776767e+02
2.596679880281542410e+02
5.443177400299802002e+02
8.956728905441747202e+01
1.851529921936029837e+02
2.691700522717727040e+02
3.595943318165594746e+02
-9.056565763412488934e+01
8.027257434034891048e+02
7.133618663293045756e+02
4.647354794471038986e+02
5.734734706430909910e+02
-2.127040834316617861e+02
1.372233535404588167e+02
4.859128321635877796e+02
2.291633025518407862e+00
3.201731274950911939e+02
2.361225267111201163e+02
1.912540160101693800e+02
1.415092643256899976e+02
2.597317852381414696e+02
-2.577152189483461484e+02
3.258607715415642474e+02
-2.756968097444646446e+02
-3.411227769521091773e+02
4.490901289002920862e+02
3.299135677483929499e+02
4.355596766539075020e+02
5.579747126248807945e+02
9.106857333351243255e+01
1.104051652449879128e+02
1.324421073828403053e+02
3.752866695752921089e-01
1.056803055825024842e+02
5.098667545093938429e+02
1.551076034618793642e+02
1.575511109302297257e+02
1.698461692154472757e+02
-6.521420706870638639e+01
2.877916477048077581e+02
-2.283598928989673027e+02
1.063402453201336471e+02
4.392014175541085592e+02
1.703847070427225958e+02
-1.197287309685803081e+02
-8.187292203661090184e+01
2.789304289237853141e+02
-2.496016987051492322e+02
-8.567987700256651351e+00
2.535347128086705197e+02
2.979055973414622827e+02
4.238761778629697119e+02
6.255543255528069722e+02
-6.017138243285022980e+01
6.573894174758536337e+02
4.885612453411674210e+02
3.863967602356907491e+02
4.188401504290164894e+02
2.984687465333935279e+02
-7.368764378601075293e+01
6.854173788840990937e+02
2.364281591495429495e+02
6.841924409008267958e+02
1.991661898674039435e+02
3.011160838593715994e+02
-3.844636120310348701e+02
8.120112239217748993e+02
-2.059474548356924117e+02
1.338774373274588640e+02
-1.812759367628551956e+02
8.375900755134937299e+02
1.876398786309080720e+02
8.061892902703491472e+02
-1.197313851187392117e+02
-3.337642232595420921e+01
4.245080642278765595e+02
4.936999257958778742e+01
-5.073824731723589565e+01
2.939977516583592774e+02
1.218153710279782160e+02
1.578999875414468193e+02
3.503734217781368443e+02
3.483807702858849211e+02
1.420016078089028611e+02
2.412240733829972612e+02
-5.389732499758292050e+01
4.639898882406106395e+02
1.006008467385194649e+02
1.350079563887315146e+02
2.126694031552204365e+02
3.005918108112446134e+02
3.713691442166293086e+02
1.144970369835262858e+02
-2.453534701582500688e+01
-4.758680381373824844e+02
-1.091929438818856397e+02
-1.016377970095751238e+01
1.877676606613074455e+02
1.465595392188977542e+02
4.887356082536832105e+02
4.119936124491995315e+02
2.850278113180247033e+02
5.194457046386196453e+02
4.346307823242464963e+01
1.858628696769716555e+02
2.229649289521719595e+02
1.149140959557182953e+02
2.500548329048766618e+02
5.380849286608410011e+02
3.340909443055444683e+01
1.047797456422068478e+02
2.085280884492914595e+02
2.085926194312061170e+02
-1.855434306372551703e+02
9.454138475903221206e+01
2.470487186967673097e+02
1.868594316176275925e+02
-5.369437452625989238e+01
-2.204052499510167422e+02
2.156439157280566832e+01
1.839004083157140101e+01
-5.052001557252476971e+01
5.772914308462031840e+02
1.900999054718809020e+02
4.215371743901767445e+02
-2.374339611084204762e+02
4.078010877402592200e+02
2.418352003966842005e+02
6.336107718690224289e+01
3.771202869923662604e+01
1.985802823274154036e+02
-2.136217663030239464e+02
-7.485219053380302512e+01
2.389232859672271303e+01
4.977203787087660203e+02
-1.425354184618794875e+02
3.080060914951845348e+02
8.422674711095368139e-02
-9.054265403100322374e+01
-1.334234665614874302e+02
5.914901476812988221e+02
2.294639715623310678e+02
2.712355159622579777e+02
2.631747223549054979e+02
5.524758863861747926e+01
6.894704924086955771e+02
1.773307152884814641e+01
-1.074026623199202959e+02
2.553919801844494941e+02
2.829675834447302236e+02
5.526931528741481259e+01
2.404692061628712167e+02
1.696518838004359608e+01
1.698493462832113323e+02
4.335435759806828173e+02
4.271879308396023021e+02
1.022489680996618091e+02
1.268098266692983884e+02
-2.661771791863104752e+01
7.640621057207749800e+01
6.028564578451793068e+02
1.828781734924345130e+02
3.597829219113024237e+02
1.965258808433529509e+02
7.179155780054918523e+01
2.750024510440900940e+02
4.409798196377448676e+02
1.731806863755507777e+02
1.185818755086297784e+02
-3.495279685883837715e+02
-1.641531723983749487e+02
1.551725712156695636e+02
3.593549970472309383e+02
3.311539591073760675e+02
1.316761134265785245e+02
1.765646751640166769e+02
3.134544911320462575e+02
4.318749110586809934e+02
1.340501866188057249e+02
4.063248165695482612e+02
6.874724137958064603e+02
-2.143014336870166048e+01
7.943537743598724887e+00
-4.765189032200947850e+01
-4.291870067999869320e+02
1.349435102288710482e+02
5.781323897149701452e+02
1.824167254144696244e+02
3.372452499844257545e+00
1.454445215543891265e+02
1.008080089353441338e+02
3.439618519498861247e+02
8.202511709334654597e+02
3.707231207300836218e+02
1.600431376728976716e+02
5.460596945210649267e+01
5.566271886064668024e+02
3.038912093305286817e+02
3.409800680473236980e+02
2.507348885943756613e+02
9.449806787829919585e+01
1.222284887576589938e+02
9.083940682088154972e+02
1.457504687757270005e+02
6.940286441646335334e+02
1.686568552276083892e+02
9.089034152285469759e+01
1.025377394786182208e+02
5.413021077967169958e+02
-4.288432150162772132e+02
1.365071796100076540e+02
3.341872008662947451e+02
-2.251712984264164419e+01
8.224245675873140726e+01
1.383135857991551632e+02
5.872039516327541833e+02
-2.296847779098901015e+02
5.424203362739531542e+01
-4.846251298624354575e+01
-7.577045709201658497e+01
2.888939142290187192e+02
2.142589896769604536e+02
7.033181844488653667e+01
5.801592711994728688e+02
2.840588236937764464e+02
1.252969509453760395e+02
-1.026252331823269230e+02
4.924103002822571966e+02
4.382434221755654846e+01
6.474628595486059339e+02
6.350047200260086129e+02
1.749968078120817836e+02
-5.761322744526404449e+01
1.587408506128914496e+02
6.362780639527438353e+01
-8.051758892902390130e+01
2.653065463759425597e+02
9.722733884206635935e+01
1.466451079779679674e+02
2.069112392587540512e+02
9.301396197537142996e+01
2.391465614885698585e+02
2.002034019527457929e+02
7.899776555396001640e+02
5.885235358754362096e+02
5.611253735650568615e+02
5.505852685378679325e+02
-3.142279866775254504e+02
3.642226689718156649e+02
8.675007187402970033e+01
3.987830091634516094e+01
1.703859551868894414e+03
7.714234366258889963e+01
3.251940122633769192e+02
-2.871240934969962950e+02
5.101903985542035116e+02
3.103844427879242289e+02
-1.527247792037302645e+02
4.966844580840074741e+01
-8.699827199143503265e+01
8.297298907900429867e+02
7.143630788527045752e+02
1.502269250032947525e+02
1.902155032462681277e+02
6.685109004914404807e+01
2.468043956039943794e+02
4.781949325912497102e+02
3.110432526933726649e+02
1.778186158340973179e+03
5.181347431157298615e+02
3.105105835286659612e+02
2.773962688724758863e+01
4.750495300432905879e+02
4.192990963188271962e+02
6.399079233377027549e+02
4.955518994062539946e+02
-3.377553526834508943e+02
7.168935277323203081e+02
1.166072881784756134e+02
1.276974658672870930e+02
-2.839138933228462065e+02
2.663102874750546221e+02
3.764773879898896780e+02
9.517592996114647121e+02
6.519365174919839774e+02
2.489331700938862184e+02
1.999057533903645947e+02
-8.003614388043742167e+01
4.352746098158563370e+01
6.387878039583529244e+01
-3.666015310939968117e+02
6.146717407960844639e+02
2.007180656715459577e+02
1.993812666512944816e+02
2.773060332096925436e+02
-7.396216137127447610e+01
-5.919380844081001669e+01
7.083351329213959957e+01
5.471313011393153829e+02
4.146838028972902634e+02
-1.021110315251765002e+02
4.114348427461327162e+01
7.351083101958136012e+01
-4.268132948590315578e+01
8.112351196471103094e+02
4.743261283070824561e+02
7.147745980432899842e+02
-2.009473145542692407e+01
9.133666728317129468e+01
1.438757226628933239e+01
5.908656974639276314e+02
4.448240546413202878e+02
-2.739986214950524968e+01
2.526334404379712737e+02
4.897529130081986182e+02
5.742265380487323512e+01
4.062953101884170906e+02
5.597572596656439146e+02
5.975611727553559405e+01
7.668801753160103090e+02
1.077600781577550890e+02
8.956189946965619697e+01
9.339088563443773410e+02
4.772767250338635847e+01
3.340989622578008493e+02
5.720500413626455156e+02
1.714865551524850957e+02
6.732867174983347240e+02
9.548716312819583152e+01
-1.600310063574086428e+02
2.060236495185092735e+02
3.286278123035083354e+02
2.414988624337869680e+02
4.977795567770403409e+02
4.589368080296420089e+02
-3.937457453348297776e+01
2.777419138901813653e+02
3.316692040017420595e+02
3.016533038769092627e+02
2.796621975146846353e+02
3.475078989845799242e+02
1.818763682704637858e+02
5.303294942048979692e+02
2.658208308808986544e+02
3.032843540186055407e+02
2.282431016375456636e+02
5.209808536852882810e+01
1.975167255958614305e+02
4.882090613443710936e+01
1.660140504687956877e+02
5.767547279459716947e+02
-1.657641171423562412e+02
5.824354144704508371e+02
-4.418084865873882450e+01
8.007666094173041529e+02
3.441116557259124420e+02
3.991849309715262848e+02
-4.008061022877097344e+02
5.572732804284822095e+01
2.205307414618006021e+02
-1.422325514924977696e+01
2.637344783859351764e+02
-1.020898135325329861e+02
-4.334458710344188148e+01
1.787907221453713760e+02
2.202327061026937827e+02
2.219819834006369490e+02
6.220388826023381625e+02
9.455438876564780912e+02
6.067300717519245268e+01
5.615074726374614755e+01
3.883321853843344797e+02
