6.461883835822294486e+02
3.348775954516637512e+02
1.903697913704369853e+02
-6.297729105586288512e+00
6.627141565023077874e+02
4.129799752105436710e+02
2.027607542147923141e+02
3.130327835225836566e+02
6.158453581849222473e+02
4.881453726907234341e+02
-2.266848429590094582e+00
1.560301376779200950e+02
1.378186906510890140e+02
5.049285317371137012e+02
5.666277316769807157e+02
5.444181234096345889e+01
2.345378946864939564e+02
-9.153842155934518132e+01
6.190506733923145930e+02
1.481335207414590798e+02
9.609175153105685752e+01
-5.090749699969393305e+01
1.592807950293978081e+02
3.722275660065209308e+02
6.481982587505607398e+02
-3.097529475753094061e+02
3.689746781641278517e+02
3.454007513157102380e+02
4.941635536776950062e+02
7.374092409516143221e+01
2.579767387567787864e+02
1.792629895083563270e+02
3.793240165593924189e+02
1.072767362017444128e+02
4.423994497899321914e+02
9.625868615606613332e+00
2.297923993886648191e+02
1.543588708753660512e+02
-8.325057070857077690e+01
-7.523641318349081075e+01
4.787961527342202999e+02
1.094827083264406440e+02
1.010427376788541665e+03
-1.563855675484247953e+01
4.476830618965889812e+02
2.015561359372237007e+02
-3.331408363869115163e+01
1.102381503737694715e+02
3.402003771296726882e+02
-3.400390429308939133e+02
1.030452772677818984e-01
2.367871590891932101e+02
2.478056584023177606e+02
3.213998245838295134e+02
1.053469324047084683e+02
-6.089274354377709386e+01
4.689175918445445177e+02
3.150122830823230515e+02
2.806761048331816824e+02
-2.447568956272273226e+02
2.986727956973326172e+02
2.070599648108244537e+02
1.878705910601107689e+02
-1.178283153243507400e+02
-4.884324131490977550e+01
4.171427446605357545e+02
3.423357355472593326e+02
7.308315358280496810e+01
-1.248190460954707248e+02
-2.096471879425284044e+02
3.717599408827056777e+02
6.960401398911287743e+02
2.100577906952666183e+02
1.307844932794023052e+01
-1.171142977762751229e+02
8.069713796228602405e+02
2.875074582827106724e+02
2.411358813334154547e+02
5.674800715617875824e+01
3.223678210176375387e+02
6.272178311768983150e+01
4.562403585545515625e+02
6.791977628343065021e+01
2.292303360578439424e+02
2.321366981495010009e+02
1.996848686283451002e+02
1.673565918594295567e+02
1.835441764674157810e+02
2.992719932206033491e+02
4.184963326725526258e+02
2.515490972107670871e+02
-6.077931344686071213e+00
-9.086779800765735615e+01
1.330083078349112498e+02
4.115257487317667824e+02
2.556362731000394604e+02
4.823401266806032481e+02
3.165479616452993810e+02
-1.773598878828639158e+02
-3.057514713764780936e+02
1.070669224794221009e+03
-1.452498814670138216e+01
-4.498104651123994557e+01
5.919213701965370547e+02
-1.551458321341868896e+00
1.226496748302321578e+02
3.148197778481682008e+02
3.452795655151619485e+02
1.694425223485395122e+02
3.342955864435598414e+02
2.486167656674892328e+02
5.389576959183735880e+02
2.552566192525923157e+02
1.282506502395406187e+02
5.939058876225192307e+02
2.676865995113952295e+02
1.213986138777081578e+02
1.154677324225417578e+02
2.028524185798747794e+02
4.145698267849625154e+02
3.533680455144234145e+01
8.426524772175550879e+02
-3.088540193158348757e+02
-1.180464451661726173e+02
-1.262843541597404027e+02
-1.797977618800080108e+02
7.659687559032673221e+01
8.175654282036951770e+01
-2.044251054069125928e+01
1.519110379983054315e+01
4.150895600618167691e+02
2.501830922450194521e+02
-1.902988948307759358e+02
5.809952172472445682e+02
1.608538156908202836e+02
7.043228123180641660e+02
7.353962503997071281e+02
-5.617026693498947765e+01
-1.924694692715428701e+01
3.213078091424430340e+02
3.121046009584261469e+02
-3.746557944494881554e+01
2.068865106449797153e+01
-1.465670858355898076e+02
7.262308756121124134e+02
1.586437748052454708e+02
6.579015580419353455e+02
-1.572080222954405713e+02
-8.616369453316458760e+01
-1.454318183065827697e+01
-9.934092930090663742e+01
1.445419800778207886e+01
3.690522680890601350e+02
1.533040680476800617e+02
2.288814201989133039e+02
3.081742191160636821e+02
-7.404574017786200102e+01
-1.130573957564954952e+02
1.812797574273370174e+02
-1.910727664238588659e+02
9.404877296849484480e+01
1.002066912215909440e+02
5.773762484651077784e+02
5.441977998177000018e+02
5.062953924127897949e+02
3.653001164621092016e+02
1.539365471783631563e+02
1.503258985712928506e+03
-2.230814671561659068e+01
-2.246815906982002957e+02
-1.033431426054089286e+01
-1.404253861416058271e+02
3.459711011805007956e+02
-1.418975107742710406e+00
7.407117028592459747e+02
3.214624355872584260e+02
4.563624767287820418e+02
3.617182145887769025e+02
1.967697726739487507e+02
-3.762992198521691023e+01
-2.816959829667869144e+02
4.496038645880769309e+02
3.746856512491660851e+01
1.033029839680958588e+02
1.794672547287653970e+02
-5.800671117942959398e+01
5.031275382234952076e+02
1.464003368575199104e+01
1.252485568466305068e+02
-8.884010967115390400e+00
3.962915262966073016e+01
9.537585686489809689e+01
-1.143464902731101631e+02
-1.479093984495507641e+02
1.941943936311989773e+02
2.047963912564456734e+01
4.107628598783917937e+02
2.585494026806914007e+02
3.544073972206940653e+02
1.916179511539403393e+02
5.701837958990749939e+02
3.531308911910501251e+02
4.207956879380783448e+02
-1.146708991520926872e+02
9.508413713380458887e+01
3.144264177771696041e+02
1.974466792122047138e+02
7.535185322614540837e+01
1.280552793250511968e+03
2.709713546291895909e+02
-6.127360621662744933e+01
-1.491236350318683890e+02
8.684777840608096255e+01
6.087255826730211083e+01
4.929835191491346080e+00
-5.830699343858609751e+01
5.657642844090994316e+01
1.653571100870136235e+01
1.027390234404083316e+02
3.995841221836504928e+02
-2.121299489929917854e+02
3.953634002235291405e+02
8.088952966832053448e+01
-8.303315082293774196e+01
4.220297533378257526e+02
7.703362871572300037e+02
-1.473074256082988427e+02
3.144727291904503090e+02
-1.426472122384038954e+01
1.101030241537085033e+02
2.304561660629075348e+01
2.034128622691804082e+02
-2.210029555490590525e+01
-8.739927432324689960e+01
3.940328442394895205e+02
7.689905678672067779e+02
5.290704907768021030e+02
4.179905451833822099e+02
4.589258307045552954e+01
-1.349509844302916690e+02
3.321614320328724261e+02
1.939326197326434169e+02
2.684115797029636497e+02
4.547743914361146835e+02
6.960509104002964023e+02
6.383805779493101227e+02
1.484385329472880244e+02
6.103887091330479961e+02
1.945162374684271072e+02
3.732671504463415317e+02
1.753890844606239057e+02
-2.785190587459269977e+02
7.394989555059477482e+01
1.770907861581933389e+02
2.524578524445584833e+02
9.523427060763385725e+02
9.005986656484130037e+01
5.194424141653172455e+02
-1.384388295896218324e+02
2.767890928556682297e+02
-1.795953255654147824e+02
-2.172000051750073055e+02
3.719523977147976552e+02
9.840362403408866498e+01
4.294383364711151216e+02
2.337351883346417480e+01
-1.657342725697875494e+02
2.555673453106137458e+02
4.226130210217105514e+02
3.201221601247808621e+02
1.352991351744663007e+02
2.269358902536766038e+02
5.544563227003003476e+02
7.530887797331342881e+02
1.751200052421137912e+02
2.528925270465886115e+02
-1.394272137922524024e+01
3.062956363902450221e+02
4.376698721975973285e+02
8.893505124434043410e+02
3.067534902318852801e+02
1.816417470362448512e+02
-1.930316656236255142e+02
1.495631673778562572e+03
4.539386253823391257e+02
1.168076786826409489e+03
-4.096883059938846117e+01
5.464951429746766962e+02
9.904651319488002059e+01
-2.315003065423696285e+02
1.448398841134763586e+02
1.235945532090621128e+02
2.698251499213515459e+01
2.240772585635133964e+02
-2.494929015029408959e+02
1.096373975811608261e+03
-4.910730166589794408e+02
3.872205861251837291e+02
-3.589153901970680636e+02
1.858177711522485822e+02
5.410593123758048932e+02
1.977898004763619895e+02
2.020100165977641495e+02
2.841024665329514391e+02
1.075903766972071935e+03
-1.169768122347564940e+02
2.936215549098990323e+02
2.442980282485932833e+02
8.410499132604226133e+02
4.123598083303055546e+02
9.429445974258523222e+01
-6.735948314055971053e+00
1.954748344381445975e+02
2.392872048625683306e+02
3.271444401003044504e+02
-3.909203340025314901e+02
4.137806928287419623e+02
8.723243500984759180e+01
4.449447775450481117e+02
2.012127792308077119e+02
1.581758516658646840e+01
-3.338274561048840638e+01
-2.794411315083199838e+02
-2.055634112435153895e+02
3.945908285098004740e+02
2.458558490494139050e+02
2.133533520416517035e+02
3.178994029826613428e+02
1.971437867309223293e+02
2.444365325519269447e+02
-1.425496315680317139e+01
2.203287594858000489e+02
-1.163938956705472094e+02
4.490311799055322126e+02
6.248258381630496388e+02
4.746237752514953172e+02
-1.559401058770757231e+02
8.227454140731389316e+02
2.052586748711589948e+01
2.301869374854289561e+02
2.481554412809371115e+02
1.477995153045359871e+02
3.731443800573732688e+02
3.666598000018964854e+02
-2.561770844507387892e+02
-1.889981849175069328e+02
4.604533422577662805e+02
1.324993268606306174e+02
2.194817403687045498e+01
1.290864153125140135e+01
9.543292406443620735e+01
-1.075523801627178955e+01
1.611054622337460387e+02
-6.214540936782860570e+01
2.552119818955336257e+02
4.548793171755781373e+02
-1.642262785493003605e+02
1.670776014911591005e+02
2.467801378149384846e+02
1.288950840716323967e+02
-1.594630026455849077e+02
5.224258432873791662e+02
-3.002059847338858845e+02
3.876732125176588966e+02
-1.060311069049056698e+01
4.330070744187825085e+02
4.698275163580791514e+02
2.707777086468766470e+02
2.511037061035538613e+02
5.742020932955279022e+02
9.422252181205734587e+02
2.200396792349446571e+02
3.584249287821629082e+02
3.386311710212113439e+02
1.186446049457578340e+02
2.816006765113628489e+02
6.233505141874411493e+02
-4.490878587569353897e+01
5.069692720635170531e+02
-1.620117533739825433e+02
2.834809910233245773e+02
7.360440574134345297e+02
1.399262566366849967e+02
2.493414952710731995e+02
4.468750422298634248e+02
3.676834518788119226e+02
4.419948221627984708e+01
1.332924914589849550e+02
3.308288315082332787e+00
3.842923117266084887e+02
1.813074558482799716e+02
2.643314048666949816e+02
-1.259878440838643456e+02
1.845554316460479072e+02
3.253902943464085524e+02
1.318642577112971708e+02
1.290339220381382859e+02
-2.438260495377672896e+02
4.825245325837631185e+02
1.136056711166572626e+02
1.506611436187966433e+02
7.250155875004215886e+02
-1.574301292206110361e+02
1.945342204316678760e+02
1.496532881792021783e+02
-2.521375685593567937e+02
8.867560969322013875e+01
-3.447074219366911763e+01
5.690300581664696438e+02
-1.274376423231412474e+02
5.153776919683903088e+02
8.551056761018182328e+01
1.236198325501676663e+03
-2.017873662867321372e+01
2.233954389039445800e+02
1.211484599272664013e+02
5.562341972552748075e+02
4.064357514210227009e+02
3.616660922653570651e+02
4.430258521905090561e+02
5.031651785563710177e+02
-1.479962277654043419e+02
6.912818779625617935e+02
3.072821245036195705e+02
-8.947275951805468708e+01
1.221996661512336573e+02
1.712456108671427728e+02
1.222472059004781784e+02
3.528968826437832149e+02
-2.698334643579329395e+02
5.481545347761287985e+02
7.134621548702752136e+01
2.208406260246551369e+02
4.279076490456597526e+01
7.259509930544415965e+02
3.954639283504510558e+02
1.003032109208724734e+02
6.098217176467585432e+02
4.860754425682051760e+02
1.410705244852016094e+01
2.418045690154022225e+02
8.859823662824429675e+02
-1.466231835215869808e+02
1.288435020135857485e+02
6.995028907445112054e+02
1.881103032688703536e+02
2.648432279245548671e+02
4.265667740721377754e+01
3.989482282768103119e+02
-3.045110881760172674e+02
1.529197078570298061e+02
1.001204429881844135e+03
4.791237118257569136e+02
7.504647076938995269e+02
2.154871655541975315e+02
1.763046641711636653e+02
1.450406018553409524e+02
1.929676972856506154e+02
-1.241395923935873356e+02
2.479781639559952566e+02
5.045776762952675085e+02
2.700520159545994261e+02
4.253985815878836547e+02
-4.978889570903729123e+01
4.475469370820000563e+02
4.892414844796311968e+02
2.829523236499819632e+02
3.060351577873557858e+02
-1.397100203223306778e+02
4.033992140305481371e+02
2.422613881193471457e+02
5.258391815138602396e+02
1.313707303972298348e+02
-9.233720925081458120e+01
3.357021132677044193e+02
6.360322045519089897e+02
-1.221133100799571594e+02
2.829894682008791165e+02
-8.040960241172084011e+01
7.055585607506920098e-01
3.373721061804859573e+02
2.457150826895954765e+00
1.590878120931084254e+02
-3.064337815347241190e+02
-1.970322066826782930e+02
3.049599299000331598e+02
-1.342365507926191697e+02
1.162449471956873310e+02
3.067232761462801349e+01
-3.818027264291054621e+02
1.727656306941267985e+02
-7.450431851758938251e+01
-1.413693780264545694e+02
9.522404638018158494e+02
4.884551092564099690e+02
1.159682088500580761e+02
1.802177983601538358e-01
5.672151812947024609e+02
2.118167018651104172e+02
4.859149964873524823e+02
-2.813707808959863996e+02
-1.915339631171822248e+02
4.420430105273134131e+02
-1.743096698055989009e+02
1.131618794365109125e+03
6.082834327036192690e+01
3.867513328823687289e+02
9.681722343864925051e+01
2.310152348803867710e+02
5.136385478878021615e+01
2.474573500898355860e+01
2.088257803270001887e+02
1.764462194429555950e+02
-5.021931324978879019e+01
-5.752736445250508268e+01
4.938765417576463506e+02
4.765360108475888978e+02
2.633278849586394585e+02
2.059981650179642543e+02
3.057125692643227808e+02
3.806487678907535042e+02
1.684472768507817477e+02
-1.751700979443311041e+02
3.774482981319209784e+01
5.003115720071809847e+01
4.551305514087208053e+02
-1.721556366484609555e+02
8.134600032331310615e+01
3.956552066442154683e+02
5.041143371017225832e+02
2.468745685639599685e+02
1.139093712870204769e+02
4.982710558479840870e+02
9.672352582628553819e+01
1.042677300110856891e+02
-4.602653120423919830e+01
2.254826340125395134e+01
8.157421205533393049e+01
1.341569054199920572e+02
7.156130268540600810e+02
9.600769192073151714e+01
5.274239658947910812e+02
3.203593701985851681e+02
3.020081222732918036e+02
5.042562580108756833e+02
6.400820402023125553e+02
1.335219557646040300e+01
1.533601009124439543e+02
6.759252398916577249e+02
3.293597211032375753e+02
2.565186086997834423e+02
2.933117357327090531e+02
6.374377517316341937e+02
4.938843014903030166e+02
2.860773599647334322e+02
5.868640913251387019e+02
1.143876677488530902e+02
2.441647139534861424e+02
-2.773692304340289070e+02
-1.683564634282618897e+02
6.022274515252600935e+01
4.538360990398491595e+02
3.292239371146397957e+02
-1.298790038071385311e+02
4.425601398751390434e+02
-5.020692099675974873e+01
2.703046202290772158e+02
9.086623891676626954e+02
2.321125602758044693e+01
1.917260995768630210e+02
4.499318996370305968e+02
5.339432796491682893e+02
6.335822511891770148e+01
5.618296195487370142e+02
2.402882490581625916e+02
4.638054873815954124e+02
8.479221972344489586e+02
-1.435687480414234685e+01
3.425915688278757329e+02
1.810841172678329372e+02
7.327574634266939313e+01
1.448935350967154534e+02
8.472940425611216142e+01
3.131974184007567601e+02
1.571502154123978414e+02
-9.164378498540722262e+01
1.892547715695243085e+02
3.092283660278129673e+02
-1.250190702104938225e+02
3.697970236091514380e+02
6.364600930669934087e+02
-9.899588471910831800e+00
2.517138206846676667e+02
3.149990496329659209e+02
-7.686543094131427267e+01
-2.947791596892179768e+02
4.122267871332840059e+02
1.675678949756932070e+02
2.874685944118627958e+02
2.705170619926611835e+02
1.257289411591344219e+02
4.488273927853725240e+02
6.778022955772200930e+02
-1.268268494052671969e+02
5.346832050113978312e+02
-1.654311614720176919e+02
6.239496780899504813e+01
2.972667991327432446e+02
2.815863233957689999e+02
2.149740718473743755e+02
7.259071380427346867e+02
7.566625049075785228e+02
-2.533536698293094958e+02
2.250020582701100409e+02
9.051840679186416594e+01
1.113791497028056909e+01
-1.298832787347552653e+02
4.430664089241414558e+02
2.624000918103167805e+02
1.182279926301793438e+02
-6.553936986882544602e+01
7.277786347925789414e+02
-1.044133036852968530e+02
4.921213110956319952e+02
7.587541003648030937e+02
4.893013299260767894e+02
1.082307371792828263e+02
1.800197844416136945e+02
3.311249596749102579e+02
6.011359114198755833e+02
4.280329326785783337e+02
8.676453964015956899e+01
7.917139268005885242e+02
-2.349215352705241457e+02
2.472685096837728338e+02
1.346469096650786469e+03
9.414155843931284835e+02
1.202216806954803872e+02
9.349446261280357930e+02
2.182117884382644206e+02
1.650461906293476204e+02
1.892073536534447271e+02
4.542397386568826079e+00
-6.249729443065889711e+01
5.790444067394798822e+01
8.735021263628624411e+02
1.718657706792102147e+02
1.998607932061495092e+02
4.759023750666435149e+01
1.854266317869417833e+02
1.313162200743778669e+02
-1.512122422998821207e+02
1.599782867758728742e+02
4.579940774209132428e+02
5.120788068970604172e+02
-2.112395689843964703e+02
-4.414908394305639661e+01
7.143502624732454933e+02
7.185423146807595458e+02
-2.130864673059838026e+02
1.155976527863671663e+03
-1.847952339526050309e+02
2.952282895861465022e+02
9.034765251867906954e+01
3.674885786449565330e+02
9.697044200077273217e+02
-7.154083770958698096e+01
2.209743945625347692e+02
4.079611876072445398e+02
3.884704337115243220e+02
1.860543030600376255e+02
5.404426103278780147e+02
4.998643368925435198e+02
-7.487915206678464131e+01
-7.687912315419794140e+00
5.130357562223025525e+02
5.579687270276508571e+02
1.962230632567543012e+02
3.228367828655569269e+02
1.382674886897216737e+01
6.052394680281438468e+02
3.471986272623218497e+02
2.415118782671390818e+02
3.435980669131267859e+02
1.113683357862706771e+03
-1.918661524699957681e+02
-3.954145494954234437e+02
1.390040241344876790e+02
-2.970930978584860682e+01
9.231428682451276302e+01
1.150960173559901634e+01
1.574099865738806102e+03
1.674502844213804451e+02
7.148664582070357483e+02
3.129074592474273118e+02
2.775296172286181218e+02
3.843896291576571400e+01
5.666233857241724081e+02
5.157005191848634240e+02
2.356895458841026425e+02
1.136471993887671715e+03
1.065814507641250941e+02
1.198791600810614995e+02
-3.210206794438372526e+02
2.359087041415886006e+02
3.395196050379915960e+02
2.175398376183208882e+02
1.114590026330936610e+02
-1.152887699952646869e+02
6.102033226805132671e+01
-1.080567792802360287e+02
-8.403283333700058222e+01
2.184864431556691784e+02
7.236873984121858712e+02
-5.785007137070701333e+01
4.300619033583143391e+02
5.575381569983214831e+02
-1.587991067805240277e+02
-2.123056269825215381e+01
6.142878831828384136e+02
2.563910156999546075e+02
-6.030300073062764454e+01
4.652945824462591986e+02
-8.867779204023169370e+01
-2.166859515325574250e+02
7.429627983848482700e+02
4.418093088847890613e+02
-2.776033446855611828e+02
-5.114130566298371150e+01
1.375430579590065747e+02
1.446624847434321168e+02
2.319359134200744847e+02
9.059117219083454984e+02
5.925537066861147650e+02
2.738746762582924816e+02
1.234409315794275841e+02
2.727898468977526818e+02
2.650316310759304770e+02
2.657468756734004955e+02
2.114905309217791114e+02
-5.530529489976700575e+00
6.944031022926669721e+02
1.012758936435741788e+02
1.427870345856861434e+02
1.829031572006179260e+02
7.625849247448626329e+02
5.321911507177516114e+02
9.368652585005968092e+01
5.455881390104937054e+02
7.771314466827794831e+02
1.657568991043953588e+02
3.174540959636836419e+02
6.140226846153001361e+02
-1.161071372588085353e+02
2.410751608150448533e+02
3.142148511139528750e+02
2.036460206962368034e+02
3.159772918887928199e+02
4.745484864521859549e+02
1.293458841801206063e+02
7.265844297233352336e+02
6.044811800827370973e+01
6.993858132540287897e+02
4.088144974331699188e+01
4.511570851594516398e+02
1.010817108607745809e+03
-3.880698378922368192e+02
2.673498907505087345e+02
3.534321971845490111e+02
8.317214943175289932e+01
5.705103921091648544e+02
-3.211129133795718360e+01
4.252650318507288603e+02
3.823067292947734472e+02
4.351027016249676649e+02
1.433549657034406835e+02
3.483332372956716654e+02
2.628503379636279647e+02
3.824389550921290493e+02
-2.339147555543565318e+02
9.162287372523377371e+01
-6.968211769673969513e+01
1.026940392390742716e+02
-1.507852670491354559e+02
2.667070514624197131e+02
-1.747291478631454709e+02
7.063865842434315709e+02
2.280654275806532780e+02
3.758297352641450289e+02
1.132740951103364608e+02
8.408422880286402687e+02
1.990308635058786422e+02
2.710012282833016570e+02
3.878512660763400959e+02
1.011209499241769265e+02
8.053410962826279729e+01
5.370640206471514944e+01
5.974909768246334352e+02
-1.612793797459015366e+02
-2.597612131384782970e+02
-2.053852391971781799e+02
1.592569619453302039e+03
2.598476698649078571e+02
-3.916405747572031260e+01
9.490822742330172446e+01
2.537874009854107555e+02
-2.859490456508094667e+02
-7.355773890910626278e-01
1.870739984171657682e+02
-6.477398556494213153e+02
3.654176739095671564e+02
3.760524588109488491e+02
-2.869213811287473845e+02
-3.086573914476554847e+01
1.325357065206433731e+02
3.929230490568760956e+02
-3.836040774157680175e+02
1.066217544042601588e+02
1.911112265758106332e+01
2.129996784578477218e+02
3.794193920811330258e+02
7.586859400851383270e+02
-1.562707818855540154e+02
-1.251111969088424161e+02
4.979583049466380373e+01
4.225986685663939966e+02
1.107475537652943103e+03
-3.406666934480115856e+02
3.106851066380813791e+02
1.961699103754201019e+02
3.671264559310671984e+02
-3.417492709218515756e+02
2.900878952255603735e+02
3.337771462420538455e+02
-7.602754790999182433e+01
1.679790769679617313e+02
-5.577204001602205352e+01
2.195446424455761658e+01
1.882687333718955358e+02
5.544028673286601361e+02
3.450054139393375863e+02
6.676983241093114430e+02
3.837523788129757918e+01
7.145193308450599261e+02
-7.348043804321781636e+01
1.404424976165983026e+02
8.852242847107644366e+02
3.085372394541790868e+02
5.613187437885407007e+02
1.734832360684431194e+02
5.304135176159678622e+02
1.452809712159187256e+02
3.616639874126899485e+02
3.692367733553598441e+02
7.760112168817664724e+01
8.498487513845834940e+01
3.761067857626989621e+02
7.759893298179657677e+02
3.416690008497293434e+02
7.973787923055787132e+02
3.149164256888126374e+02
5.563686214579313400e+02
-7.608790370641258960e+01
7.022065377811755980e+02
-1.607962621381481370e+02
4.810284575064943624e+01
-4.217463901650992142e+01
7.301248826034432682e+01
-1.353546412070509177e+02
2.465326574863995006e+02
1.024276336933818357e+02
3.563815712098943322e+01
5.174347244212984833e+02
9.726547342740795443e+01
-1.940123993775411577e+02
1.290732424198879755e+02
3.228810791952718091e+02
-5.760803224175177917e+01
-3.525414520846209854e+01
3.101692493412769522e+02
-3.065836331317744978e+01
2.622910581966689278e+02
-3.826607286880543768e+01
2.647787899900869206e+02
2.298976648498192787e+01
1.742542800540346661e+02
2.192309722225470381e+01
2.042545508099672418e+02
3.213813547622447686e+02
1.520492894912408701e+02
3.630506980917050441e+02
3.378026873782118855e+02
6.794276823484548231e+02
1.580273161653478837e+02
-3.413449249186152770e+02
3.960274825125929397e+02
4.007476881484654996e+02
2.149810805433210135e+02
3.200206487064841099e+02
2.343477947199471600e+02
2.391720268563305467e+02
5.866465490040053510e+02
4.832336009538859685e+02
-2.127513254762208703e+02
1.395845116367981404e+02
1.095983471648927718e+02
7.646528928815132531e+02
2.214406558822651618e+02
3.431150501588511759e+01
4.454346397065521614e+02
4.871642366746551147e+02
1.338684123850937340e+02
1.810432157914160598e+02
1.807796855264396640e+01
5.616846335929096767e+02
5.800902858097540360e+01
7.773045569117775813e+02
2.618107610048484730e+02
1.891766000314035807e+02
7.250745226306689517e+01
4.390205064655202136e+02
7.014546179125647996e+02
-2.609451170501587285e+02
3.414792150825688850e+02
-2.088709894090192165e+01
1.100573427495932947e+03
-4.507984645563327319e+01
1.086173507009845480e+03
-7.476184010081786369e+01
2.805205307818273468e+02
6.540965288163052946e+02
1.882077216253712209e+02
8.218729966765583583e+01
3.162635535362290398e+02
1.444242208894105204e+02
6.493680084717693717e+02
6.375037428541211284e+02
3.135578449134781067e+02
-3.000287543133148205e+01
5.155839827431643698e+02
4.347205253727820491e+02
4.036078933920829286e+02
1.713927401284551024e+02
-3.756894834626005775e+01
4.253928576060333739e+02
-2.212624329950243691e+02
1.294048282565235013e+02
-1.002113452476985174e+02
-6.543950846559744150e+01
1.989690292021938376e+02
-1.819031010574959595e+01
1.362999635886086196e+02
1.896258432584776301e+02
6.538128275922271087e+02
6.664723950275144944e+02
3.358456847373611254e+02
1.413619108332788983e+02
7.259292722524682517e+01
4.332633324929386731e+02
-1.196499076674409778e+01
2.100710285281808751e+02
2.864392367431498769e+02
3.795245853487152488e+01
-1.745881219736202752e+02
6.321686814184967034e+02
9.648788689110219821e+02
4.390336950982199369e+02
4.848982514956578171e+00
-6.561920139494316118e+01
9.028654735411656702e+02
9.445058294963865819e+02
3.209692367903986678e+02
7.419836703461224658e+01
7.034052759179640191e+01
6.669355458743747249e+02
3.606322027365836789e+02
2.634984924195421740e+01
-7.331963250327788728e+01
6.237728519662850601e+01
-1.319304686553599595e+02
-3.781631417560934239e+01
-4.591969256974807934e+01
2.602759627300184064e+00
3.694737156297118759e+02
2.876786280134722347e+02
6.070563814778938649e+02
7.093991867566587644e+02
6.241964085662793877e+02
-4.336750209812450407e+02
-2.595624414598661360e+02
6.492634894768326603e+02
2.181890913730589148e+02
5.120394034591106447e+02
8.990406313042680040e+02
1.925958275729041986e+02
-3.036428366818908486e+01
2.739438141948194243e+02
2.607224488386156125e+01
-7.335586201970497200e+01
2.693223245394074752e+02
