2.077239569485987545e+02
-8.761152706071825946e+00
2.832900376011915000e+02
1.731543838983710373e+02
1.028748288858745070e+02
2.137613432540188114e+02
1.251322665303051451e+02
2.191622735313798671e+02
-1.598136306491414871e+02
-2.364039050564973934e+02
9.703144793206993768e+01
5.414846022843199762e+02
1.682149353189705039e+02
-1.119927566498505058e+02
1.769981074877119909e+02
6.760335184744194521e+02
6.491970714585986002e+01
5.142709060592697057e+01
3.323898772237113803e+02
1.912120621715300786e+02
4.338671674206692046e+02
5.265070097730238103e+02
4.212601689626243342e+02
8.823718759504224636e+02
3.593227083533838595e+01
2.907439509777350395e+02
-9.797217892797917216e+01
1.240056294228880233e+03
1.374269465473910259e+02
3.614923339888381406e+02
3.076335945757492709e+02
5.847366234656730057e+02
2.080000817098021457e+02
7.006142058561020747e+01
1.662391279299142184e+02
2.636767955602869620e+02
2.864394955051730562e+02
6.370211267868041887e+02
6.883839556223907152e+01
2.926666534694202824e+02
2.611379376765024745e+02
3.010395263602439968e+02
1.275476359389140057e+01
7.444462853286354402e+02
1.630434054223871385e+02
2.559174521727115348e+02
6.394679345983430494e+02
8.739206149253080866e+02
2.506799554774668763e+02
1.925943084306015862e+02
5.788192139096993287e+02
6.902959752380420468e+02
-1.169457490177131547e+02
3.173021313767816878e+02
6.632593096445748415e+01
3.455758675653177079e+02
1.092464497291565237e+02
-1.489274708584707128e+02
2.780161290459707288e+02
1.021867021554544408e+02
1.728115381980090604e+02
1.820637359444375249e+02
3.693362254289811517e+02
3.586984481304026531e+02
-1.710772152216843836e+02
-5.457945830518029595e+01
7.893378648842450502e+02
2.775392563285946608e+02
-3.258576589878200593e+02
8.492799274614472438e+01
1.454493979434526238e+02
-1.297988173226372055e+02
4.655733441927804961e+02
5.180944780748425273e+02
7.615178296425021642e+01
3.568609863285344090e+02
-1.033681134377003019e+02
2.458849399511021829e+02
3.980540810788703538e+02
6.429249866020923037e+02
4.322880146626566216e+02
5.443191967871450743e+02
-9.339141338614663113e+00
-1.947870459333834958e+02
7.657991477950967010e+02
8.878722654070420504e+02
1.427639871303658765e+02
-6.627527681715270091e+01
-1.347159386817777147e+02
8.581406962134434480e+01
4.460396738070933793e+02
5.394288675115737988e+02
2.184799327390754229e+02
2.980231035265539958e+02
8.405725331933559801e+02
2.710888373175748143e+02
5.161757117722648047e+01
5.246407117293017563e+02
1.607847334963831258e+02
-9.589382610903982140e+00
1.020519958751000047e+02
2.009380559435454927e+02
3.201851758036297610e+02
-2.145700999228105275e+02
6.070340444465819019e+02
1.559193328189203100e+02
2.042466780445440122e+02
4.577572543472174260e+01
1.262554992583144724e+02
-5.681374027767068924e+01
5.268734937865789334e+02
2.671385886417517099e+02
9.697858438246100832e+01
1.265163722058632914e+02
5.879713066998905333e+02
5.128585411847629985e+02
-5.888549245876277638e+01
2.553948998001504265e+02
-3.089519387038663467e+02
4.051275099796881705e+02
4.144620352983498606e+02
1.002019991385478477e+02
6.031605243898351318e+02
1.274597076870943511e+02
-1.016528626689490977e+02
6.813125833340315012e+02
4.438883483800375984e+01
9.930041743231126361e+01
1.901122597502571523e+02
4.594071235373533000e+02
-6.612376628565781402e+02
4.262550139275589913e+02
6.567389595525776258e+02
3.034220407742390080e+02
5.830339468202549824e+02
-2.767902914662343505e+01
6.815748115292265652e+01
-9.556328755681613529e+01
1.243776455020282725e+02
4.519210543533397413e+02
7.775162176313124291e+02
3.067061656404635528e+02
4.011388354276047608e+02
2.346331551722438462e+02
1.626679876307521795e+02
3.423973698127869056e+02
1.545790322020878307e+02
3.791374238817887203e+02
1.049128165875312817e+02
4.481031726563505231e+02
3.369260886795599959e+02
7.137046318453974436e+01
2.063095716147731196e+02
2.643071744738416555e+02
-7.349655885353107010e+01
1.514526832052494143e+01
2.084310317239468020e+02
6.007097260926757372e+02
3.567688617006809295e+02
1.012816257104210393e+01
6.257396622143701137e+01
9.243791419478735349e+01
-1.027167219761265642e+02
3.221334885427219774e+02
2.147921761803278855e+02
5.017210721776464197e+02
3.361345558342150071e+02
1.367440490777053128e+02
4.260894921286736690e+02
2.298616976965575986e+02
1.493169946667166244e+02
3.971079600350563510e+02
2.885199048115203624e+01
-3.587914798885063306e+02
2.177979670436888782e+01
2.525974553961034132e+02
-1.968920339358997751e+01
2.339993496311275578e+02
2.724182600911137797e+02
2.014515135966869082e+02
2.460617199458089885e+02
3.756480233046847843e+02
-9.050032529658706437e+01
3.084493268401452042e+02
2.160950349301920426e+02
-3.066770242620313525e+02
3.811925348476220279e+02
1.189127237521497591e+02
1.211227499384033592e+02
8.533479265420177740e+01
6.285163347090403931e+02
5.900696073126645160e+02
1.042386154490617685e+02
1.067594212987435185e+02
3.088076718987825942e+01
-6.127319850886040342e+01
2.638460579630556140e+02
5.137955416852867074e+02
1.196678127459451417e+02
7.895457885031506748e+02
1.321857379785027433e+02
3.663362711982267683e+02
1.990301590689283557e+02
7.362878375212915216e+02
5.625268233204769786e+02
3.670925548791399819e+02
1.970382280566475970e+02
3.443989752014976489e+02
-1.111676755534606116e+02
2.200101629488597723e+02
3.732837254022884395e+02
1.683630548376132765e+02
-6.569359020175741648e+01
6.421913163045289821e+02
-9.818715367141059858e+01
-2.256583066795026582e+02
-6.224433465538005805e+01
5.719783048639988010e+02
-6.143279209517766049e+01
5.205800421617560403e+01
-5.427508560075105493e+01
4.294289785062280203e+02
-5.118656767727028267e+01
7.772999618984367487e+01
4.991818901206873704e+01
3.885707025752344634e+01
3.394265807200951599e+02
-1.785268233549309969e+01
-9.666144230812970761e+01
2.268126497270068853e+02
5.274123038515659800e+02
1.740119994986107770e+02
8.770919089211262190e+02
-2.305267204191673045e+02
-1.818249586109685936e+02
-1.249614585276494694e+02
3.989387880130502708e+02
-3.021812311817550381e+02
8.234132596278177516e+02
4.593528643763038417e+02
-1.469528403384209625e+01
-1.770014511698562387e+02
1.854638466324873605e+02
5.318554125750355865e+01
9.099411237710681917e+02
3.097871022548968085e+02
6.604761930316148266e+01
-2.930797635180403660e+01
3.326821358792905414e+01
2.026056843334297355e+02
3.946693824546064207e+02
2.081809297229525555e+02
-4.401006259469720590e+02
4.687080824062610418e+02
3.552674878622103734e+02
5.871520805583978131e+01
5.089467698479283086e+01
4.416678448605637186e+01
2.534752518539864852e+01
1.132081659637090496e+02
5.345438403262028260e+02
-9.827346626114021433e+00
6.243814614688855045e+02
1.705616697145636067e+02
3.016116020687052810e+02
-2.411438799700488858e+02
3.800221336669351331e+02
3.486936075899135972e+02
2.969014695087310685e+01
1.654310122334996436e+02
-1.938187092530900912e+01
-4.189890110405968926e+01
-2.476226058724720360e+02
-1.748333653276670816e+02
-3.019571537199867635e+02
6.885742859565465324e+02
8.739429873437354956e+01
1.824965534617721232e+02
9.341318152550911691e+01
2.014363488472317840e+02
3.493971836851620765e+02
-2.143892030527734249e+01
-3.661102405080457345e+01
3.779029532884404716e+02
2.362749767945502128e+02
4.846630465542863249e+02
5.889439045306036746e+01
-3.338739856295775610e+01
-1.863903980313217801e+02
2.968417204126096181e+02
-1.745331694957520341e+01
-4.824834435138605500e+02
4.008509713585926448e+01
-1.485250968705608727e+02
3.662596518928801004e+00
4.821486915772603652e+02
-5.294147085433841937e+01
7.249475002210880348e+02
4.667945915987999683e+01
2.107328695211080003e+02
2.003358170994301872e+02
3.845610954498345535e+01
7.851540012765785832e+02
6.830130434608831536e+01
2.692509600714897147e+02
-5.340348798484386350e+01
2.188246640887834928e+02
3.032879292117789873e+02
2.557531637039690509e+02
4.167637655428400194e+02
9.660822461185102838e+02
-1.479381582068692467e+02
-1.708189914454636948e+01
1.703925625226073919e+02
8.664158676985873626e+02
7.572154592516219509e+02
1.424929357302514745e+02
-3.006598141707830791e+02
1.021351179002657261e+00
4.866600762070294763e+02
9.220752148188064723e+01
1.119683875301171838e+02
1.603389405646285581e+01
-1.734901596296446087e+02
1.341667736668460122e+02
4.562958069650044308e+02
-1.878271759928125846e+02
6.863815061336585188e+01
-4.157155478124414572e+01
3.286341260356194880e+02
1.811224546824979313e+02
3.349762182849319174e+02
2.895859896727463578e+01
4.308621423668616899e+02
1.154014467887219553e+02
3.691940656201401794e+02
2.397475197371836657e+02
3.552532076889748396e+02
-1.396115326752272381e+02
2.788829542016820540e+01
-2.301077560616246842e+02
2.419952269137830854e+02
3.471591047027694117e+02
-1.630409796491398566e+01
5.236591589066171082e+01
2.069564443548702855e+02
5.560851657175885521e+02
1.925809026777744748e+02
4.500764724990849572e+02
8.807512435900875403e+01
1.939836860345420178e+02
1.165051599975597583e+02
-3.494365098249819823e+01
1.634455535129074804e+02
4.176071367300613133e+02
2.382590531670377345e+02
1.293791494113447698e+02
4.176224158855514474e+02
2.626790020053766170e+02
-7.802298678004341070e+01
-3.009148520432828491e+02
3.804125812253166146e+02
1.815485446646188450e+02
-2.589848642557248581e+02
3.326217368882938672e+02
1.592833709070385169e+02
5.760652548588742548e+02
1.105696166396668545e+01
6.722635075636547981e+02
-1.991432715618758778e+02
7.275836930249764691e+02
5.878489829442499968e+02
3.800887647999752517e+02
1.999065425391314648e+02
-9.368344700365666711e+01
8.789263187405722988e+01
3.637238050085412056e+02
9.137459632656010911e+01
2.003786337788862397e+02
3.753224742468167960e+02
5.269876674356062267e+02
2.236456187253998849e+02
4.490605863204959292e+02
1.522924966038437447e+02
7.729196435703028101e+02
8.645010852761132583e+02
2.892877019109238290e+02
3.117179783583817425e+02
3.160708941297440902e+02
1.755336732565599505e+02
6.388300155716186737e+02
4.542735885684670052e+02
5.847787696490998997e+02
3.413522882704354515e+02
5.453796179751825548e+02
2.537955274065675155e+02
6.541389731666060925e+02
2.147554888875971528e+02
3.849498385626493473e+02
7.521258141903206251e+01
5.053660686636191031e+02
-1.910324346087916183e+02
4.762858869590153432e+01
4.538047614159499688e+01
9.472241442311936908e+02
3.843019471373543183e+02
2.937139609819661246e+02
-1.488624713313275834e+02
5.749430454345242651e+02
1.167080911169684441e+03
2.930944222198710918e+02
4.307990175209915265e+02
5.391173029515875896e+02
3.931943533839348959e+01
5.689482262417279799e+02
3.065409390574083659e+01
4.651698954595392479e+02
1.805326939736951033e+02
4.719093203025222465e+02
7.764271346923069927e+01
1.650878309970057956e+02
3.005959543799075959e+02
4.615966634889439320e+02
7.203206048213194208e+02
1.938759476184146706e+02
3.260269158730212098e+02
1.140713289460452415e+03
2.863676359010113970e+02
1.574979521836239655e+02
4.095977534379614440e+02
2.565123036997745771e+02
1.656830719829999055e+02
5.125723404852590193e+02
-1.481475842791431674e+01
2.095531567874257348e+02
-1.641328472235168192e+02
1.566612726885497864e+02
-1.246580303584184151e+02
1.418899209981709646e+02
1.450734832717113534e+02
-1.523198057169537378e+02
4.477977016946188087e+02
9.608218479907355913e+01
2.286023711574358970e+02
3.347219648068185904e+01
3.838801228494079396e+02
2.074230651100548357e+02
9.333141335762560402e+02
2.216447724439360059e+02
-1.681187470291647230e+02
8.255794870521643247e+01
5.959837353786714402e+02
7.959357298379937902e+02
1.282062632709115064e+02
2.572139018874134422e+02
5.283957167722500117e+02
6.195116291039311136e+02
1.185853428110480536e+03
1.937866007254856129e+02
4.681768811046208043e+02
2.170472038954800951e+02
-8.393311311009654219e+01
-1.305078582531631639e+02
-5.534757137431313367e+01
3.617848474116811417e+02
6.343683394787068153e+01
9.192247800317747419e+01
2.854499023432474019e+02
-4.411439350204933163e+01
3.447992830144114009e+02
5.237751392640100221e+02
2.758450548590461722e+02
6.212657499586185850e+02
2.086517160194493954e+02
-2.744127408556099823e+01
2.283024153098436955e+02
1.411739233091634560e+02
1.231449515582553431e+02
2.113926813985576700e+02
2.665377176085261226e+02
-1.311611091662039996e+02
-1.915176440831183982e+02
3.859076301634117385e+02
5.563150298687871782e+02
1.032172498535649652e+02
8.164835704398878136e+01
3.522903218924819839e+02
6.966216418427250119e+02
2.442445383552809801e+02
6.079951280773801159e+01
3.371343256103495492e+02
7.161963382679639381e+02
8.646546945034154419e+01
1.633426848808053080e+02
5.428516329423697471e+02
-2.032577870757700680e+02
-1.621081385472348018e+02
4.746330641086618130e+02
-1.799007425020115249e+02
2.023195660318805267e+02
-1.467149555792344984e+01
4.029517680452273112e+02
-1.419771349063299226e+02
2.505717378304503029e+02
1.044413987278359173e+02
3.856112147620429482e+02
-4.157664793612677840e+02
4.643076516596166812e+02
4.998303759666596875e+02
2.026846958792878866e+02
2.547489307343736868e+02
-9.636748549600181946e+01
1.558781012176983438e+02
5.223376051342269193e+02
-2.749472342332750330e+01
-1.238278072072691884e+02
7.487746033256612463e+02
9.262379774577892704e+02
5.477822198506215727e+02
6.014896082471273075e+02
-7.996994746314459235e+01
4.212732522772529933e+02
2.489632770578436975e+02
2.807917349761719379e+02
-2.267077147002182755e+02
4.321623113863176968e+02
6.551251968178012248e+02
1.469765142780207157e+02
1.406745446864083249e+01
-6.661019220149802322e+01
-1.563015172597211517e+02
5.067099446147204276e+02
1.036169505585884139e+02
7.286511386057206892e+02
1.124211583587748180e+02
1.526835856843174781e+02
-1.924233153651805424e+02
2.130729119618201253e+02
1.854634274168005845e+02
2.064337990125776514e+02
3.152516309902031253e+02
6.836747393123867766e+01
2.141592257305507871e+02
7.983101299642100912e+02
5.313167749097411843e+02
5.207322026948011171e+02
-3.213953464112625511e+02
7.815468197257274596e+01
3.427292314718302180e+01
1.711293204553774956e+02
2.376211830945021006e+02
-3.556088794774140638e+00
2.666601232494777491e+02
2.954390572562835473e+02
3.442670779436725752e+02
2.211412367768758713e+02
6.213370758385187855e+02
1.095139688717157611e+01
-3.732568845912985580e+02
1.720933190552919356e+01
3.222033229243756409e+02
5.145777719603894695e+01
-6.695401294952283422e-01
6.337516284432035718e+02
2.519540110833169422e+02
6.452229711885356664e+02
1.295405045671079733e+02
1.509394567093636965e+02
5.950961493730892471e+02
6.978095875448541108e+01
-1.167450933098081549e+02
-5.254856005317510181e+01
2.036342996513828894e+02
-2.968068558445942244e+02
3.514154239520511283e+02
5.450437642969097851e+02
7.526804211978138710e+02
4.765267497367404417e+02
-4.582162787646274182e+01
3.544069069066005113e+02
5.753684141353307950e+02
2.755124354070796358e+02
-1.525846389812793973e+02
2.179786972629879926e+02
-1.884167516531213664e+02
4.156111202428270985e+02
6.838036048165830039e+01
5.047668379520529243e+02
2.740099921238291358e+02
3.384975045603006834e+02
5.094576907123612131e+01
3.438961917781069815e+02
4.512694158899125796e+01
1.250965944627933197e+02
1.764463295370769345e+02
3.458205652975846647e+02
6.355241005776848624e+02
4.673662600873633721e+01
2.520660654818687476e+02
2.268692512652281437e+02
-2.306708026235591262e+02
2.402512572154474810e+02
2.864662096254565995e+02
-2.270823144229574382e+02
1.016294095126868115e+03
7.099852764171790795e+02
5.021229232877504955e+02
-1.115347633635131785e+02
-1.788826990983793053e+02
2.232932163554117722e+02
9.724044693358305835e+01
-2.284668800884434248e+01
1.843213156524936380e+02
4.563635597537738704e+02
4.630242983102702397e+02
9.787257291937910963e+01
1.599735564274809008e+02
1.451911710734319172e+02
4.162157228110548886e+02
5.254799871383974619e+01
-1.050318534799847896e+02
2.433420151754507685e+02
3.498779467634487901e+02
-4.888177088596172837e+01
4.246506202213780057e+02
1.696318997077353856e+02
2.519048316400413796e+02
3.926618306008373338e+02
2.310605773894485893e+01
1.520477987074245902e+02
2.431985977091937343e+02
4.203756074913430894e+02
2.059374334205349157e+02
3.766448814051760792e+02
1.748020372872010171e+02
5.798768035434289914e+01
1.108139382489917608e+02
7.715028867853776262e+01
5.082378505178068622e+02
1.439133529697261906e+02
1.853692160746532238e+02
2.065104095330873406e+02
2.782555445313740847e+02
5.085657199964094275e+02
-1.117078260179847575e+02
-7.439111644416200875e+00
-1.494055827393532638e+02
2.962286912810254194e+02
2.297517495133405419e+02
8.548545575257327300e+02
-1.399752082537367528e+02
5.444698376651477929e+02
4.525041160388642538e+02
1.064359737507009243e+02
8.774467315386754080e+02
4.416253905260380179e+02
7.085410509333891014e+02
8.621302217555618199e+02
6.061091370681330091e+02
4.726413758738930255e+02
-1.555273636436166385e+01
2.104540198241223266e+02
-1.252257772334744175e+02
4.879961627860791396e+01
5.598671977349276574e+01
3.392175490418140953e+02
3.582827607513770545e+02
7.904357828056697599e+01
4.328214841974872229e+02
2.518156833819503504e+02
-5.417649607327970784e+01
7.893564588324002216e+02
2.596843305327485041e+02
-5.771989881569725611e+01
8.007251475240576610e+02
6.465832586792657821e+02
-1.489153609116526411e+01
3.782185978551667063e+02
4.575854130374105466e+01
6.523581901981049214e+01
9.891084148254060437e+02
1.664796536531421509e+02
2.278695694498316016e+02
3.362458913701439656e+02
-5.996929094403934357e+01
3.904294638839855907e+02
-1.616907479073680349e+02
2.313126780314983932e+02
-2.429547854756513345e+02
1.693147201091893521e+02
1.615731410556399510e+02
9.656929713997381270e+01
3.020101769034403674e+02
3.638069262778996062e+02
2.583902197362460740e+01
8.556285227118718240e+01
3.956150367366585670e+02
2.925550510089594241e+02
4.448632585810869955e+00
1.978163596687218728e+02
-6.984083107315584016e-01
5.093807763032891671e+02
3.893054614478744497e+02
2.512921499551220563e+02
4.467477487759209680e+02
3.866277034880682777e+02
2.979014560672940704e+01
3.431035794864350237e+02
2.515825848076873967e+02
6.190400767961933752e+02
7.834911191715028735e+02
2.707269824179628017e+02
-2.431066448741171655e+02
1.055443577242129294e+02
3.086223283785359968e+02
4.058134618235301900e+02
2.567548128814788129e+02
-3.004482434432472360e+01
8.638457928497686567e+00
-1.762041841356386271e+02
1.001620858267779539e+02
5.735355597575656930e+02
6.371886699888943895e+01
6.354786297155779948e+02
-2.350419782228543966e+02
1.971205568670682240e+01
6.215526122606205490e+02
5.005978118171912001e+02
3.818253414127322571e+02
4.424574991047001049e+01
1.713979320073543704e+02
1.632297827583589083e+02
2.159561856380088898e+02
4.981882720343934352e+02
5.225725879009945629e+02
7.177862087056139728e+01
2.799524474036344373e+02
3.146515427028871272e+02
-1.710186683375876981e+00
-1.395016526243609860e+02
1.353066173678601274e+02
1.798918589452273125e+02
6.863849600092877381e+02
1.914871138607142314e+02
1.498345719752433638e+02
4.982429211035434946e+02
3.074815882224860175e+01
-6.438904369557320706e+00
7.358226057159964739e+01
-9.872900734481225982e+01
1.620100428736810159e+02
-2.184434616525243911e+01
5.310258348398824637e+02
2.180040492127939729e+02
-1.703706359034253524e+02
9.634475516349260715e+01
9.734831771707993653e+01
2.488476407196380364e+02
5.155372259421380932e+02
-2.294263477285108621e+01
5.245402872090579649e+02
9.204452818228932642e+01
-3.976512818203390509e+01
-2.328520736111923384e+02
-2.059157759676455726e+02
-5.611505067886021436e+01
4.912007762226913883e+02
7.082000426272940103e+02
2.070401213810409047e+01
6.569701581995210518e+02
2.084439323994302526e+02
1.934247877500332322e+02
-9.147604595865907129e+00
3.753089255557370052e+02
-1.567867566256004181e+02
4.833412895682030239e+02
9.307790448016085065e+02
9.189607707779859425e+01
1.714189274924200959e+02
1.620131691577194317e+02
1.403353794493006603e+02
5.174877326988657842e+02
-1.428743163745818947e+02
-1.883896425545594866e+02
3.183599747021031590e+02
1.279756510498537239e+02
6.444285301900741558e+00
4.499305270041767244e+02
1.313659402566119923e+02
3.227952969504539027e+01
2.735130949264705578e+02
4.954801321070773383e+02
4.879690035627286306e+02
1.115830549033887849e+02
-1.001487275172736418e+02
3.464212266633688841e+02
3.953596086840091175e+02
2.291522794825260974e+02
2.443588391225631824e+02
2.883059623652052323e+02
5.187060751717381208e+02
-3.165209504051164231e+02
3.422288509293557013e+02
3.124087311498236659e+02
1.236268544156602189e+01
5.365529083301046285e+02
6.192059061292376327e+02
4.412266556434930465e+01
-7.744920284875740890e+01
-5.609702348627731538e+00
2.803939084905346135e+02
-1.764365435410277314e+02
6.542278503060271078e+02
3.455302129782208453e+02
1.771788307318062721e+02
1.632315075265548217e+02
1.742003276343358039e+03
-5.423396805025142697e+01
1.504430840905683056e+02
3.690893056076399716e+02
2.916332544178389981e+02
-6.219709134807181528e+01
1.568377793209571394e+02
6.695039337604589491e+02
-1.455525152007147938e+01
-2.646683026552616269e+01
1.136861936564312430e+02
2.534302072364090463e+02
6.447305926067832615e+02
1.195762643874666225e+02
2.045280047513888633e+02
-1.333932476066506467e+01
4.474186478366594883e+02
6.851205155342059925e+02
1.781867498810722168e+02
2.379171571635811517e+02
2.129622990719648783e+02
3.516101504733233583e+02
1.474568054680873388e+02
3.601474844593169564e+02
1.215993097924543065e+02
7.464388583402345603e+02
2.090266485247183255e+02
2.371176899581594171e+02
3.477034637626906033e+02
8.574289190571624886e+01
1.445046269028149766e+02
3.412707135993240399e+02
6.698555386458204453e+01
8.161345563512945489e+01
1.138842609674615858e+02
-2.160213874923106232e+02
2.034804682628615069e+02
1.689164033858252765e+02
5.325343416158088985e+02
8.293925917778658459e+02
1.042422601385555936e+02
-4.287876272363239423e+02
-5.035519495872335938e+01
8.785501181703089912e+00
-4.445178236829652718e+01
9.288955970854213717e+01
4.700854859129501051e+01
1.444737089013261766e+02
2.556748909369143519e+01
2.369991190456207448e+02
1.997885324515306138e+02
3.304548619141531844e+02
3.687502058900714133e+02
3.811920577270111039e+02
3.189046477221078035e+01
-7.587598481179802548e+02
-2.713849953566495969e+02
-5.030101309542422428e+01
1.791365482133718956e+02
3.042339599351122388e+02
3.191241541134938302e+02
4.375650710653875990e+02
2.669135366581925837e+02
-1.680852472841034171e+02
-1.270460997203627045e+02
4.635186407763886507e+01
6.100619571714317146e+01
5.115050819751348854e+02
-1.347442526146140551e+02
2.484130241906112815e+02
1.705835064666910057e+02
5.336223561085788560e+02
1.274345163401525269e+02
-1.519226309980388692e+02
1.767757687045465786e+02
-6.460106686527620923e+01
3.650247958066005936e+02
-1.294645487000159392e+02
-1.612934014028330978e+02
-5.094601650467112108e+00
2.143692700407130189e+02
9.932633379005292795e+01
-1.328732807248605141e+01
5.203966780648522672e+02
-2.302077901701742064e+02
-1.866616236768990120e+02
4.006471311336007375e+02
7.359247907711512653e+02
-1.936643841011249023e+01
2.819473256917284516e+02
1.548354115932757793e+02
3.399224388497848963e+02
8.213263361256720145e+02
1.742835917782137187e+02
4.788948299828709878e+02
1.029538131570001497e+03
3.079523680183606302e+02
1.059153487143095163e+03
3.305470122749655388e+02
1.824504397440566095e+02
-5.738011978596391316e+01
6.314463493719925964e+02
2.063065824517548208e+02
-3.489067347339302501e+02
2.684596302418541995e+02
3.610179274602063515e+02
4.630742158685177401e+02
2.226086207674132709e+02
3.870229903406700487e+02
1.390511103824923680e+02
8.996853944141986403e+01
5.203680544028011354e+02
1.872628728821052135e+00
-2.230904319180335165e+02
2.107846638901119150e+02
1.173128503137506868e+02
-1.337870542497312556e+02
5.747932552508181914e+01
5.024425182986038294e+02
-1.039611966255369069e+01
1.531352903414039588e+02
3.661162382770807540e+02
1.228172529675012612e+02
6.654015604318971100e+01
1.928392169017895128e+02
2.867825667281284296e+00
2.483402074930265258e+02
-1.213235205349971011e+02
3.501115916607138274e+02
1.553086250359039298e+02
3.891229210608457265e+02
-1.259960047044130107e+02
1.369121242646436656e+02
2.824733273533039437e+02
3.371502131150352284e+02
6.771138925925221201e+02
-1.334099609506378954e+02
1.512026330308509614e+02
1.373713971426905687e+02
9.920211752184533793e+01
-2.772768220461360045e+01
9.570261408927617452e+00
3.787387794559223835e+02
-2.472572053703461563e+02
2.580781477816020697e+02
1.878764433932873317e+02
-7.604190061248733912e+01
5.808861829487919977e+02
7.032516015027658796e+02
3.963338574860371466e+01
-1.707266980302492811e+02
3.333212344825956563e+01
-6.719163327536197272e+00
3.636198757312921543e+02
2.360716380577226516e+02
-1.026569025299682920e+02
2.338676960800617977e+01
3.198628856385684003e+02
-9.868821672641125531e+01
3.806176773348534539e+02
1.341820676751209476e+02
5.205262808494718740e+01
1.194603562333839477e+02
-2.242014547116420431e+02
-1.543687354790904465e+00
-1.264006021139746139e+01
6.935575025894072496e+02
6.219762211558153808e+01
-6.049656295292577113e+01
-7.690809224096574326e+01
2.700854398640007616e+02
2.297132770970176807e+02
1.044624696025244702e+03
2.352192919489050098e+02
1.032441885322761664e+03
1.784711097132502289e+02
-2.176058700631666909e+01
2.210039010789752183e+02
5.704380391673522865e+01
1.365906248388714630e+02
2.629953126156274266e+02
3.322180694073452401e+02
3.241175279707222217e+02
1.448210046613403961e+02
