5.460598932455231136e+01
-1.183244280073792538e+02
2.160648327992880979e+00
3.734459717882261884e+02
5.746523972810551868e+02
2.839756401339269587e+02
4.612385124292174510e+02
3.085647123088324975e+02
-3.035209246447033848e+01
1.422399373894874373e+02
-2.603544627527091393e+02
-7.922042335792762913e+01
1.429058574393966410e+02
6.965011616822606584e+02
1.772673635393396694e+02
-3.761376160884243092e+01
4.583492256187058445e+01
3.028188394368932563e+02
4.139472906294649590e+01
4.360163022268300210e+02
6.935319554529459083e+02
4.785934522053038336e+02
5.471815596193690681e+02
3.366418431631609565e+02
-1.299524739332649688e+02
-1.813486254755243010e+01
5.939198158527211717e+02
-1.217402722263215509e+02
1.340099956214787085e+02
4.716872191487188957e+02
2.305967077514241907e+02
3.030473422638776242e+02
2.297638690006014031e+02
6.525732997471186536e+01
3.157620168854815006e+02
-1.919217529794395318e+02
4.091938849767871034e+02
1.461071772734801755e+02
2.851566811429215704e+02
2.756565502639295673e+01
6.985021517884181321e+02
-5.945642937256628358e+01
7.334111633826698835e+02
-2.757331527311280297e+02
4.440823014639377675e+01
-2.083966988639665487e+02
6.404162062126712840e+01
3.515421058399892900e+02
2.944520963385621144e+02
5.706238801632156310e+02
9.861190356891651163e+02
2.157265792199881389e+02
5.925917001268627473e+02
7.071827513845529438e+02
5.862190963282369012e+02
3.143696377523949650e+02
2.339382184003756322e+02
7.219278160695247379e+02
9.110087468459822730e+02
5.642709885862558394e+02
6.210237278860935248e+02
2.227468758610098973e+02
2.193652077244561838e+02
1.361081610445210970e+02
-3.967419176321187990e+01
6.376383497791586308e+01
7.705860957400263942e+02
9.959521236958980950e+00
5.291888923493798984e+02
1.542215188391619449e+02
8.182192606664508503e+02
6.469492537829930825e+02
2.185744462485315580e+02
2.201002635462232604e+02
3.747176732699081185e+02
7.686514372465853739e+01
-1.189416135400767018e+02
1.336310659161545971e+02
4.420068785258112598e+02
4.705186136270763768e+02
1.740178134996424149e+02
2.265402743752585764e+02
3.342305494087067927e+02
7.051052759886907779e+02
6.177867332299199461e+02
-1.043314893627780151e+02
9.676148259685279527e+02
3.832477046498976847e+02
-5.794989429252714217e+02
4.973253282638179940e+01
2.037782407911143139e+02
1.480751545790324144e+02
-3.815003010336059788e+02
3.897448549518744016e+02
-7.817222219748090595e+01
-1.601031771961246619e+01
4.015002768561822677e+02
3.397276132371383710e+02
-3.821806781299389399e+02
3.349836826172092401e+02
-2.202844615417979810e+02
7.849883854631615350e+02
3.248846165984119807e+02
-3.935141174343439729e+01
5.685904235998124250e+02
6.760655735548964458e+02
4.307731066962219302e+02
-1.328136856333731259e+02
-5.319167956057315649e+01
7.826866883156228596e+02
1.285975283776199944e+02
4.102964882891286607e+02
3.881702953404496270e+01
1.475097341615040477e+03
3.580564359526566705e+02
2.071599448483187587e+02
5.702035085662930669e+02
2.008792292162728899e+01
5.291597951745584396e+02
5.166844244660778713e+02
-5.553914710750039774e+01
2.353879572488370968e+02
2.267523865169511907e+02
7.391525586320324237e+02
-9.281036054503201171e+01
6.724185052189191083e+02
3.643043980071016676e+02
-6.790226640727433960e+01
4.574309316743475051e+02
9.391629954137648610e+02
1.032334630287904702e+03
3.965239107548611628e+02
1.158755402424661085e+01
-3.195300106051575995e+01
-7.298907631213594982e+01
-3.102028568070596179e+02
1.884339148322094104e+02
1.241214008070496959e+02
1.384395303721058781e+02
2.850257680682490786e+02
-1.385645512321871422e+02
-3.563197114280862365e+01
-1.742223338993750872e+02
5.092899068571911130e+02
7.130047002169669668e+02
4.229380708819109032e+02
1.082027958137638279e+01
3.314798034972785672e+02
8.415804807634215194e+02
1.605437021220207043e+02
-2.445601030847006427e+02
5.300801993690284917e+02
1.840939308204602582e+02
5.561261534050208155e+01
1.024083059419966446e+02
3.015725566454390787e+02
9.067670012896029164e+01
9.060944886905828071e+02
-5.355161258023233017e+01
4.736571763717718113e+02
5.683341251032003356e+02
3.239802292412312568e+02
7.046905861678891370e+01
-1.235738236285828293e+02
-5.389766554876690208e+01
4.465260069014235569e+02
2.177931117514421544e+01
6.665931413193008837e+01
5.053192512256658802e+02
4.720729851013738312e+02
6.432199503726243393e+02
6.290566724836463663e+02
2.221262496395888775e+02
3.782245800180326967e+01
-3.520884854928372079e+02
3.147500273803116215e+02
6.352280930101522927e+02
9.693453167744094117e+02
2.575190187748316930e+02
4.803527487088724683e+02
3.246672699604112040e+02
-2.288803629569596865e+02
4.652491260257742169e+02
-2.378620811816244185e+01
-1.170615176865836844e+02
4.657006374770738830e+02
4.146714260473933678e+02
-3.233062236589766769e+01
5.666916645338860690e+02
2.820753283288840407e+01
5.632262125889751587e+02
3.985919315288290363e+02
7.724546094494843373e+02
5.258693687193344886e+02
2.614739462618393873e+02
1.678145182691967250e+02
7.000181901171511072e+02
2.286636539040242440e+02
-7.323421127320216328e+01
3.952257359013001974e+02
7.148798842586771229e+01
8.092573932386213187e+01
4.821630405012645610e+02
1.066912090612422332e+02
4.131156737471736164e+02
1.462336499643612058e+02
-2.976372948087563373e+02
2.023022291074248642e+02
-7.073923823790357801e+01
4.697914852667685892e+01
7.969791855922395030e+01
-5.992795656013571204e+01
6.280094375794614052e+02
1.013059689822280689e+03
-8.404393161285639735e+01
9.345520141941658210e+01
1.021755896109426089e+02
6.838061111527426874e+02
-1.326905001834151321e+01
4.103284628160690062e+01
-1.448539134913811210e+01
1.863648588515683855e+02
3.593154494831004513e+02
-5.292974235919890447e+01
2.088684667973603268e+02
8.993890334566030731e+01
-2.915891742520646801e+01
4.118203643566282040e+02
-1.951318937904688653e+02
-1.729311460815760881e+01
3.886000191087204030e+02
3.086812765356858534e+01
2.073889391038487702e+02
8.767101847497325480e+02
8.982727914518524415e+01
2.029932299842357111e+02
1.130460059856920338e+02
2.918319986651216595e+02
-1.097637440372157869e+02
4.248550842571271460e+02
-1.310804284588650148e+02
1.719257208466948441e+02
3.950596070967040419e+02
6.599237068422448829e+02
-5.045703895470527414e+02
5.873463465503588168e+02
4.992877329523361709e+02
-3.479554263861689378e+02
7.354229859777151432e+02
4.658034117152916451e+02
-5.855172799308530784e+01
3.511161658399978478e+02
1.342824940759027754e+02
3.215602971389907907e+02
5.961248392188167600e+02
3.570159965877139712e+02
5.116993633191887056e+02
6.048898962567094628e+01
7.548619188486043186e+02
5.308830878071094048e+02
1.585643409492492140e+02
9.513162918707720337e+02
5.796173457247614351e+02
-2.244988385225125569e+02
-3.061048432328318540e+02
2.109689434622451643e+01
1.474781964167628132e+02
3.744822432071570688e+02
3.207179453390800745e+02
-4.284843727057240699e+02
8.402169982010823901e+01
4.330801220349203362e+01
6.129873706217159679e+02
1.172162205182053185e+02
2.341405624020613345e+02
7.579213347045936189e+02
4.279784486064134512e+02
4.250439733282566408e+02
2.178366183589299396e+02
3.124733470826223538e+02
-3.025553633152320003e+02
7.464064155629604329e+02
3.325975014188921364e+02
-9.997118383774653694e+01
6.287043336752947198e+02
3.213175094493528832e+02
-1.751912377860232937e+02
-1.047250204030310812e+02
1.770744900837091222e+02
2.716079862180920372e+02
1.081911324265232395e+02
4.033675718249134547e+02
9.017288911285919539e+01
2.602819051368633723e+02
-5.355340504121640066e+01
6.625271975067581707e+02
1.085084271337957716e+03
7.212414997485459480e+02
-1.048158153538313542e+01
8.234593518778829946e+00
4.811173382435905523e+02
1.326057291539617609e+02
2.896644296384573991e+01
2.602923675177981409e+02
1.341105398850037602e+02
4.966602793947289456e+02
-1.596345704005651669e+02
7.805119153407520116e+02
1.262904044649662012e+02
1.069811309488660100e+02
2.802620530188320913e+02
5.068086458160786378e+02
8.026149926824423346e+02
3.227968081275010945e+02
-9.234511935254282378e+00
3.328738907639650506e+02
1.282519512094731226e+03
1.454351479773202129e+02
2.150249380396263064e+02
-2.435112172247844455e+02
2.059270595878658128e+02
2.390241229014861801e+02
3.290169166658336621e+02
3.669123985994677923e+02
1.118475797551759001e+02
3.715714289353597906e+02
4.580430806182454262e+02
-3.202001554103985654e+02
-1.028964338532394862e+01
1.029254819721597414e+03
4.748660141838812478e+02
1.216195070389886013e+02
1.332331257355024945e+03
1.754744358227939642e+02
6.481365549959995178e+02
3.700291020457997604e+01
-3.593120127646211586e+02
6.051790393220055364e+01
-1.711820097456276528e+02
-5.469064715685146894e+01
4.371326291126727028e+02
2.780456338065961859e+02
4.942584972609153624e+02
2.388190699744197616e+02
-1.146902455784465928e+02
9.103836503389700852e+01
-8.475133777649257638e+01
2.077080208955534246e+01
-3.823845846285419725e+01
3.255888409110104362e+02
5.056241215239656981e+02
-2.605360883909951326e+02
9.808187763082128185e+02
5.225508022144792903e+02
-4.356861036201541992e+01
1.548451740015180803e+03
4.468747251451516149e+02
-1.987003754951571182e+02
2.973486066338107321e+02
2.061804991050751710e+02
2.427278450010404640e+02
-3.995270010312760860e+02
5.065450092702677694e+02
5.009179685598397782e+02
3.858030708121721091e+02
1.538130240158740492e+02
5.484894225277652140e+02
2.226424756895922030e+02
3.694485016462540443e+02
-7.438193913966095749e-01
1.313863321527901178e+02
2.935106584305164574e+02
7.495227360436074378e+02
-1.425665005589899295e+02
3.234352844396663613e+02
1.860336654050097991e+02
5.700165157183570273e+02
5.441130597508716846e+02
1.420081837559526150e+02
5.469427260412575151e+02
-5.844927259375675987e+01
2.777150004509861674e+02
-1.604874463762846659e+01
1.292833178207834237e+02
-2.381295866174804132e+02
9.871157169894673871e+02
1.039978992481943010e+02
8.666609755078295620e+02
6.607744459790508245e+02
3.317105133518563775e+01
7.065222509884195006e+02
-7.708930223304210472e+01
3.320499556893440740e+02
-2.058597635284953355e+02
1.263495968164780152e+03
1.129051779140890233e+02
7.911781447174342929e+01
3.659606946299401216e+02
-5.520083382266324890e+00
8.709702223923975453e+02
3.891117786021079041e+02
9.403059866660464650e+01
4.398570688016162649e+02
1.957715864307465097e+02
7.856794432050093064e+02
6.219464494553906206e+02
4.670617162295868638e+02
1.533234854026422909e+02
3.386599253671137717e+02
6.269954519555668639e+02
1.714666995657740856e+01
-4.558887497380398202e+01
3.807976222590327779e+02
1.120444305137364722e+02
1.950074108427071451e+02
-2.383019274381812380e+01
8.842436639548283210e+02
3.809396363181254515e+02
1.323034666702470304e+03
-2.923463753891693955e+02
1.335799815144962395e+02
8.060157710814938525e+01
6.185894404601302767e+02
4.101179527348776332e+01
-7.035887324667490930e+02
2.064575691754576212e+02
1.082921400221543422e+02
7.039528219628492707e+02
-2.241984117982264877e+02
2.291523527227070076e+02
1.727228913040901261e+02
1.231047678063400070e+02
9.444846914246571146e+01
4.406062403325992705e+02
3.284129040124661856e+02
6.962079566705270963e+02
-2.018966153970096400e+02
3.261121800303920395e+02
-2.492451115519496909e+02
4.621829287113909572e+02
6.864244683202829265e+02
7.078927081007549305e+02
-1.740254448523230053e+02
1.661990353419178632e+02
5.384260939974456051e+02
4.828171441755423388e+01
1.734670790137778056e+02
9.710123095652986649e+02
5.875068286781508959e+02
-1.143524729664869994e+02
5.634355377134681930e+01
-3.310880538639352721e+01
-1.511813524895606520e+02
-8.172216374082853463e+01
1.516700477233734148e+02
3.206751547483075910e+02
2.554733319836336420e+02
3.988556368340798599e+02
-2.484823591743596580e+02
2.567409418681882585e+02
2.373078395311009103e+02
1.243866653899221859e+02
6.065300608835863159e+02
-7.804199783596095585e+02
3.751740655329741685e+02
4.864282244502785488e+02
-1.215092299363129342e+02
8.291469588871838141e+02
-3.696499218494157617e+02
2.064027098749698723e+02
5.851102427066198288e+02
2.312132163999265231e+02
7.546453891260953242e+02
3.054616563293682248e+02
2.042091762112268043e+02
-1.700036399096136108e+02
5.076433390957594725e+02
-9.787522642595497757e+00
3.881192849818847890e+02
1.133984498352320287e+02
-2.253864947468644289e+02
6.481092815127233280e+02
1.833767072245542522e+02
2.105445956061924733e+02
3.393875580353205805e+02
1.198818941496980628e+01
3.091373040963246126e+02
3.489452578067783293e+02
6.828090602966573215e+02
-2.602531933343067294e+02
1.498777361506330408e+01
6.541411772811203491e+02
-1.273057963095163103e+02
1.168588728916585751e+03
-3.907805242128498548e+02
-5.772195942849623407e+01
3.015808718277485809e+02
6.727749556002203235e+01
8.669641379935362693e+02
2.802247590861730373e+02
4.229746682909062656e+02
3.952699505005363108e+02
-2.062087011010659765e+01
5.974047076351542955e+02
3.728136044585793343e+02
2.878429887038053039e+02
1.369023563216514390e+02
1.146925634969651924e+02
2.919621679864034292e+01
-1.929193825732681660e+02
-1.850672732126146798e+02
3.975491037204731128e+02
5.066496940241335096e+02
8.200840256046419086e+01
5.268509657632517929e+02
1.030555842555498884e+03
2.560449487660605428e+02
-1.428803932862497845e+02
5.519433336295415984e+02
7.089447528418317006e+02
1.232800713136733748e+03
5.407334770659200558e+02
-1.321618519815004049e+02
6.341525612657941338e+02
5.231011286549677379e+02
-1.101146567514240715e+01
4.184866042301451472e+01
-2.480178706808118534e+02
6.800324050941319456e+02
6.199153079191784173e+02
5.164440640717625683e+02
1.342581823451956780e+02
4.144964352793867874e+02
-1.473108795749483875e+02
1.148948544050908538e+02
-5.757256889581664439e+01
8.811046893541279132e+02
1.012643423670218681e+03
5.078080683121185643e+02
2.138848276121412653e+02
4.193520800225588800e+02
-8.862508219979844171e+01
-1.450939852046625447e+02
-1.165313881426614415e+02
4.900317923861418308e+02
2.301049362328962502e+02
3.090962637029111448e+01
-2.463833823336387638e+02
-1.936734759749234627e+02
-2.208624988237374254e+01
-2.193355756450469585e+02
3.259412501748296904e+02
7.268835298945421641e+01
6.705466547145437062e+02
8.751367599031276541e+02
2.014337446503855062e+02
4.158106821313707542e+02
-9.539986016723639750e+01
8.418171594788872198e+02
1.075700297121129552e+02
2.911713062041183093e+02
-6.322248903009526799e+01
1.203651987118991400e+02
4.660211198075905372e+02
6.726353179247313392e+02
5.636107490745494033e+02
-3.273349220139671729e+02
1.701623503348113218e+02
6.121595552115041983e+02
3.922344477891566612e+02
1.435359519699612179e+02
2.923680614904830577e+02
5.871769074165495113e+02
-4.240152957207760096e+02
4.328093673064021232e+02
1.609623442466722167e+02
-3.703828233060580999e+01
5.580925762027801511e+02
-1.158814987408167241e+02
2.696738655203219537e+02
4.385046734235340296e+02
5.841662945229475099e+02
5.985904515665886265e+02
7.910105388731052471e+02
1.841442126360649212e+01
1.523674197922439078e+00
6.955140948804775007e+02
1.039082145495908236e+02
6.003316368585366263e+02
3.532734887202200866e+02
6.154864783540590452e+02
4.694548879074242791e+02
2.798626526670703925e+02
-2.261543473952985437e+02
4.419248631708308608e+02
4.240322622299315753e+02
-5.211960326884868664e+02
4.580388756523125267e+02
9.051264509673334260e+02
-3.154365564023066781e+02
3.936089264229002538e+02
9.540924613658118005e+02
2.399543087574626838e+02
1.798155992156659977e+02
-2.381887325887667544e+02
4.029225420387406871e+02
3.369196905050025066e+02
-3.653962426448665042e+02
4.653133788773446611e+01
5.939770458223732703e+02
8.350529378728340362e+02
6.984977648976881710e+02
6.655732654536785731e+02
1.374334267769245912e+02
-4.459506627141040553e+02
-3.579855032761625466e+02
2.389677038105898248e+02
4.010349403693348336e+02
-3.334741884060317716e+02
8.039908950410858779e+01
5.443891928154224615e+02
4.267527612493247489e+02
-2.621476290788457391e+02
9.721714508159859633e+02
2.810699806606019138e+02
3.336290368553754604e+01
6.175116679460647617e+01
2.574497602753712613e+02
3.109799185069336502e+01
3.414611485674913069e+02
1.655169086230011999e+02
4.840308834619678464e+02
1.044177891656045631e+03
3.600464385504709526e+02
5.178493979651682366e+01
1.256989547171171182e+02
1.802331619898459962e+02
3.502602672576741725e+02
1.362877895523719417e+03
-3.313356521576468481e+02
8.136553646095164822e+02
4.027388581079426899e+02
-5.716357160571200779e+01
6.826929453095224289e+02
2.251533519954924714e+02
8.036482169778872731e+02
-3.144188486937367202e+02
2.459234345750090824e+02
5.232248182345099394e+02
2.644680361104955750e+02
4.885176163903107636e+02
-7.640083531617020185e+01
7.109728825703191433e+02
8.601343324371130450e+01
3.709342426635109291e+02
3.770820461718117258e+02
9.480758615321695970e+01
3.233493887538964486e+02
3.230645077923724102e+02
5.034617190033689553e+02
3.237697100118484173e+02
1.479606287926766583e+02
1.959110076832129437e+02
-3.543006167435755742e+02
7.744304559049480758e+02
3.635812089710945543e+02
5.833408095985646469e+02
2.918417780897642047e+02
1.753782592180367033e+02
2.863760056767578135e+02
1.533333261222839496e+02
-2.332666939651373639e+01
1.141929679524894823e+02
4.216234795600234406e+02
3.951286057565864098e+02
2.904462158604100637e+02
1.177074308414434256e+02
3.743970548426725600e+02
1.129780735415394446e+02
3.731497633787078030e+02
2.556769826097070677e+02
3.421629370852036232e+02
1.278337723212326864e+02
-2.351261010503602478e+01
-1.027322459649142274e+02
-6.436475803452921696e+01
3.954270885394542461e+02
7.167459268660212501e+02
-1.793390615820130449e+02
3.137818558961109829e+02
-1.471895770768040563e+02
3.702111129503160214e+02
3.545861739691596313e+02
5.803197702048952351e+02
3.293718013437511445e+02
2.148008466900226665e+02
-3.648506688277658441e+02
3.913746221917631374e+01
-1.931262018816358506e+01
5.180430602885442113e+02
4.471008019114460694e+02
-3.696229847597818718e+01
9.760944476088968713e+01
4.083096670912989339e+02
-8.502100938996811408e+01
-1.124455117238427135e+02
1.282459152222881471e+02
-2.486443879849856842e+02
-2.314686765140798457e+02
2.512614282834584287e+02
2.763754672071663663e+02
-7.938095771413716761e+01
4.311984641147550406e+02
6.342309697228905634e+02
2.292478961260761423e+02
3.810817988850483857e+02
3.419483700134027231e+02
2.912767754936411961e+02
2.946989226329561120e+02
1.699083086789539720e+02
-1.464960790960410861e+02
4.739075876649179122e+02
4.354426608812678978e+02
-6.862531206405587625e+01
2.516238816551856701e+02
1.965711525343114658e+02
1.685987160443038135e+01
-2.073229680711270930e+02
3.300683332297411994e+02
-4.462108991416762365e+02
3.977538278574193669e+02
-3.091779640683873822e+02
8.552953396895313176e+01
2.900388347824576840e+02
4.027540560372955838e+02
-2.859512112013391061e+01
5.673441872404766855e+02
1.021753206445671367e+02
4.049569596405838183e+02
2.922197117671291835e+02
-7.570333577488162291e+01
-1.232675959332090940e+02
8.197655117421805926e+02
-6.064498774544426141e+01
1.804798035026944945e+02
2.176196455186053527e+02
7.416519551987860268e+02
1.383713365529157500e+03
3.634971768331184876e+02
7.940553962291519952e+01
7.054585563590206903e+02
4.967377061827315288e+01
5.257993408899753831e+02
2.848918429249266637e+02
1.914190681946207633e+02
9.016003112730062696e+01
1.473752576756223789e+02
-1.639269715062379760e+02
6.492480304255101373e+02
4.531327662833713816e+02
-2.101742699223036084e+02
5.217768216035783553e+02
4.533603004468533300e+02
3.618667949748243586e+02
4.467957292425519995e+02
7.190190948853964983e+02
-3.317609108424681352e+01
3.208970627629498722e+02
7.338385118184669409e+02
2.064480741683287022e+02
2.034956609768473470e+02
2.767834803366171172e+02
2.825035216695434315e+02
4.648602941233555157e+02
-1.338412290254279924e+02
2.424406382673820985e+02
5.991933389556766087e+02
7.748166528498984462e+02
7.341678477089408261e+01
4.433104025732764057e+02
2.494502654020485863e+02
8.812928451508554417e+01
-4.910469109380721306e+02
1.079029965616504398e+02
5.712999122181861367e+01
2.587255956435260487e+02
8.915262232920592567e+01
1.425824346675258596e+02
7.662592612705189765e+01
2.916169534544870885e+02
8.217277573256510550e+02
7.467554468513176289e+02
1.130681051060275877e+02
3.871112382609704241e+02
2.777178385856491332e+02
3.171027851015691112e+02
5.515827206223328858e+02
-1.734142637706562482e+02
-2.146731610845633043e+01
1.354178224899736449e+02
3.795618776273702224e+02
2.332749128102067289e+02
4.254589698319912259e+02
7.476581158259762105e+02
1.951398534798562423e+02
1.058873216165244031e+02
4.303172885086241877e+02
9.676645704030644879e+01
2.655365547426159765e+02
-3.628914117870022551e+02
5.167356636941375427e+02
3.525645046458909064e+02
5.988879495114800875e+02
3.367900258646240559e+02
6.228913608515746319e+02
8.401586405779568167e+02
7.556098342813020281e+02
3.489425048714501258e+02
5.122487256774145408e+02
1.947254597567119276e+02
-5.056314499427767117e+01
7.407962178274657106e+01
2.092460016502433291e+02
-3.157815163445597761e+01
1.062986841788747654e+02
-1.443132095750833059e+02
6.411002935912916882e+02
-8.768589089757685429e+01
4.203742978693164218e+02
4.986668876095048972e+02
5.290593811094371546e+01
5.714917716806839962e+02
-1.727557363262629053e+02
1.583281343541440265e+02
9.342628687769794169e+02
8.130524154727971791e+02
1.995488309746121303e+01
3.662379540859031408e+02
1.345331029968631356e+02
6.060167668621478470e+02
3.359310410123801489e+02
3.006264216052614415e+02
5.417840696013548722e+02
1.359744896593970509e+02
3.871287239953849024e+01
-1.570513496117471419e+01
-2.522657734064985675e+02
1.888410217466094991e+02
2.336606265083028688e+02
-1.782091394981461008e+02
4.009059058256598860e+02
1.310181673326018483e+02
7.934941979897748752e+02
1.541575006155566996e+02
5.726985647357688549e+02
4.187252390466730390e+02
-2.555079771244554934e+02
1.436682408934529462e+02
2.928329063440305191e+00
1.555150643727126294e+02
-3.276863584099004925e+02
5.778572988667484651e+02
2.599223155098973734e+02
2.948255740335677046e+02
6.320240907778722885e+02
1.273508312689207855e+02
-7.028940396085513385e+02
6.498137558205120285e+02
7.520067020531706703e+02
8.061741600911676642e+02
4.515431459724154593e+02
-1.745758559074191680e+02
-3.115395223901204531e+02
2.590068055552615647e+02
2.060721248775779770e+02
3.840444278592238447e+02
-4.085875026995698249e+02
-7.179952522511808866e+01
4.993815134219160541e+02
1.264362212892914812e+02
3.992505484964008815e+02
-4.112091703947361339e+02
7.976821106580479182e+01
3.506297159887590738e+02
5.805225235488907174e+02
2.558844725262038082e+02
2.183416346058024260e+02
1.245570108394867646e+02
1.858479398232001358e+02
2.910957301213512096e+02
1.752864144346569049e+02
-3.624172007855182898e+01
2.241085571511553098e+02
3.375896028544511864e+02
-5.933689110621963891e+01
7.704566998770309283e+01
2.717866800808482708e+02
-1.684688838130500130e+02
3.250374783128341960e+02
6.008612445893789982e+02
1.610660014765997872e+01
1.272141329342441168e+03
1.915230201400372039e+02
2.555858889374231069e+02
2.713865219735125152e+02
-3.018940514642116000e+02
1.279767394981815016e+02
2.366730164854042329e+01
6.176370922568125934e+02
-3.764620638390082377e+02
-1.122166592277083623e+02
-7.276492380273228378e+01
4.517681686115902835e+02
1.706253848842331422e+02
6.553740760496599478e+02
5.032717849261511560e+02
-1.643327636561788552e+02
4.593602514688099632e+02
5.454330724409592221e+02
2.810772329911472767e+01
3.508987645184933513e+02
3.776645951219195467e+02
6.172068345540773180e+02
-6.225662688289702373e+01
1.999166274077721539e+02
6.282596875530681473e+02
1.866080489379833978e+02
-4.210451719146043104e+00
2.967969833765852172e+02
8.847737931722988947e+01
6.100319385867777555e+02
3.251949130374123911e+02
2.330597029100642885e+02
-4.058564928050780054e+02
-9.796500330332100930e+02
5.213160112801406285e+02
-3.595209078935486957e+01
3.184321887367254362e+02
8.409724713573930899e+01
5.485619886254937683e+02
3.774805601872703278e+02
2.418303147379722589e+02
-1.765382013045397969e+02
2.837375837521657331e+02
2.173800047261622694e+02
1.669126938170577716e+02
1.199573826799929321e+02
-4.627386674355419416e+01
-1.556489309741907334e+01
1.855725666387328943e+02
1.846607626838165572e+02
-4.039706236773658361e+02
5.489300543772741321e+02
-1.786035959393647943e+01
5.593880055590666416e+02
-2.743488495779718761e+00
2.356149478028917770e+02
1.019560636730468104e+03
1.740123349258341250e+02
-1.381170147859535291e+02
3.138335272981282742e+02
4.226668038987787668e+02
3.973285426933728104e+02
1.089437009422265191e+03
1.779894708846088918e+02
1.467260090065887539e+02
6.820322571333369410e+01
1.605915530524408155e+02
-8.649424962246506254e+01
6.281900318095745206e+02
-1.799707347936924293e+02
9.141257303647606136e+01
3.438745814439857895e+02
1.030471886899899943e+02
2.382713282232747076e+02
1.816533620638878688e+02
-2.612605861752794567e+02
2.810183102797800530e+02
1.079410884120740661e+02
-1.652008789192545919e+02
4.998177315720001843e+02
9.137652571405888011e+02
6.256905950912465642e+02
-1.809341284185055088e+02
4.610819071061335990e+02
-8.933718184730426515e+01
4.159101096516569669e+02
4.388882623861104548e+01
1.486123328701069966e+02
4.776135263663623505e+02
8.974397492791430295e+02
3.362954977221388049e+02
3.833533232144977774e+02
1.755173726381538586e+02
1.597324126213482032e+02
1.829114171281927952e+02
-1.459779641662176743e+02
1.018513194015556991e+02
4.618607455101344499e+02
2.666121662354274235e+02
