-6.513359264796052628e+01
5.613958251629682081e+02
5.787990084052546536e+02
2.668607179733788826e+02
4.011641738449337709e+02
2.589490577156001336e+02
2.706396268007534900e+02
5.492684162300781736e+02
4.930208483996248106e+02
2.810741318515946432e+02
3.228359474161680964e+02
-1.019063116001910316e+02
-4.051926459317431295e+01
3.326555392189146119e+02
-9.633334504921079144e+01
8.173642032442130585e+02
-1.871182079581288633e+02
9.613954004607599302e+00
5.344327030044399862e+02
1.940083524191134643e+02
2.493792423665556726e+02
3.078901162211312226e+02
5.331181393999625584e+01
3.308566015496666637e+02
1.879242259103918968e+02
-5.910283103763502766e+01
7.244553866433109590e+01
-6.119084027268333870e+01
5.974514541997045853e+02
3.214058957238831340e+02
3.316032746706618468e+02
6.470828158426468235e+02
-3.806203364177256390e+02
4.647636353980216768e+02
2.818572145539757230e+02
4.567113042538112211e+01
5.520479056459861340e+02
1.741832746429361123e+02
5.286104728450611674e+02
3.735561855966431040e+02
1.739289987638451294e+03
7.300568183561539399e+02
2.368222317088089426e+02
-2.349939118860656322e+02
6.562884688542791309e+02
4.602339388455216067e+02
2.102510016598783409e+02
6.646924815654363101e+02
-4.774626170769394662e+01
7.967634866581479400e+02
3.602732232102225680e+02
4.173350929476320630e+02
4.438354950460802684e+02
2.623447941982522593e+02
7.998895526840656203e+02
-1.054271858668098787e+02
4.195530495097641506e+02
8.102010663814658642e+01
7.683212492348050091e+02
2.106788486289758850e+02
1.501996937367628107e+02
9.437389161805904223e+02
-1.962435698178761356e+02
2.305863407181028037e+02
1.138797430708882956e+02
4.195344266336352490e+01
-3.658384724963566441e+02
7.476112886226925411e+02
5.107077163839791183e+02
5.797070837544554252e+02
3.735776009463662035e+02
9.724639195171185690e+01
7.415791051045152926e+02
9.525246359026156142e+02
3.551360347556385477e+02
7.611972237213715289e+02
1.999578135778623960e+02
4.716806185127699109e+02
-4.772158772164132756e+01
1.203846136584994753e+02
4.566170857603260913e+01
4.125643420202262632e+02
3.458973417875055816e+02
4.004342180234340276e+02
-1.012087681483185264e+01
7.785361117010488670e+02
-5.001960519830429774e+01
6.075287840070432139e+02
3.810784945191417705e+02
8.089795991492937333e+01
2.038972516949416161e+02
7.335800620214521928e+01
2.909880195295994554e+02
-1.545211112186636342e+02
3.754501427090413017e+02
-6.769684088165689673e+01
2.170774518830731665e+02
6.169625714581451348e+02
4.601036074990828979e+02
4.166692096834605508e+01
2.489543173885676808e+01
2.419580662063576142e+02
2.858787712909520806e+01
-7.914184425469233020e+01
6.345777646928509057e+02
2.522849786500934215e+02
8.984235652248543147e+01
1.982886783221433973e+02
-4.441750322962128905e+01
7.511401655378153919e+01
4.936262702937102063e+02
1.362590691336623081e+02
-2.336241503473266334e+02
8.125801158469797656e+02
3.891505740413041394e+02
3.598081144303468477e+02
4.638803472025313113e+02
5.447900787568864871e+02
5.941746781960344492e+01
2.468695298987175875e+02
2.321255548366994503e+02
3.380866551735579151e+02
1.193119110563085883e+02
-1.647405324814280334e+02
9.386522885670444794e+02
5.189486318327905110e+02
-2.621948469279657843e+02
-5.057484685613290054e+01
-1.406505132495842076e+02
5.002244079283429414e+02
-1.058166917784760130e+01
1.070253388201436110e+03
6.293491741752724238e+02
1.073452684898300902e+02
1.616173818565200406e+02
2.504425707528095302e+02
2.646232148392795125e+02
1.413176577954317565e+02
7.245472547386309543e+02
1.573296961118030026e+02
1.238678537357785899e+03
3.075676873782986718e+02
1.171598570127971470e+02
-1.476273522167985845e+02
2.546195276938307188e+02
-3.825404278890264322e+02
1.313256022949942121e+02
1.479964379708868023e+02
-1.111961313604921315e+02
7.625029885218340269e+02
1.085139722728165452e+02
6.178940071679205630e+02
7.788395185884655803e+02
1.188959108448632378e+02
3.934936014345244359e+01
3.548597864885771855e+02
6.947394215361946408e+02
-2.938508599452354133e+02
9.975768578018039534e+01
-2.021460157278059171e+02
2.345403664864601581e+02
7.360930880227343778e+02
-2.076306442461587096e+02
8.007699917705264170e+02
1.655535890374484609e+02
2.818130571674111593e+02
5.218955814189764624e+02
-2.056950795642262051e+02
1.167113878091120966e+02
5.938827161540459656e+02
5.150875241757141794e+02
2.453712643541065859e+02
6.045657365711929287e+02
8.619862636178776256e+02
-1.109105304012489626e+02
1.556630166044855343e+02
6.741461131009932615e+02
2.284327198833642854e+02
4.733873142764005024e+02
-1.512278083575193932e+02
-9.180614476512806732e+01
4.765845510815323678e+02
1.077262638467578171e+02
-1.033664602090031224e+02
2.390512498734171913e+02
3.128262019529287272e+02
2.271092603567573747e+02
7.913554652761983732e+01
7.023417210470611849e+01
3.221135515430068494e+02
9.152925935189607571e+02
4.348978408137218707e+02
2.699078957395287830e+02
6.289827900328209580e+02
3.715487830362448562e+02
-1.499893575923899789e+02
-1.047558049943846470e+02
1.806035985607890666e+02
2.927089463194718064e+02
-1.978090634188506556e+02
2.628417151149462825e+02
2.143049141096794585e+02
-2.829708545811074032e+02
-1.106763839873199231e+02
-9.446541793878633086e+01
2.949579455517178417e+01
2.940422876539927870e+02
7.482800842405896447e+02
3.094278510890533767e+02
3.875144338947079632e+02
-2.166336912341166396e+02
3.283662478877542412e+02
2.107890753121414491e+02
-1.577510841149100997e+02
3.935296764876919724e+02
7.127556684627304548e+02
1.772752456575528015e+02
4.724725752440897963e+02
2.453669915962929053e+02
2.329587440071020126e+02
1.371867176429474284e+02
6.234636620211265523e+00
3.358556368481415575e+02
6.297044600121471376e+02
1.642478920872190145e+02
1.880255112803408792e+02
-3.476579822915591649e+02
1.871614123318712188e+02
-1.476797601926234904e+01
9.019235226644633485e+02
1.161161098097960348e+03
5.019322672531894796e+02
1.078119841875032989e+02
2.473999122108118058e+02
1.380153682582849797e+02
3.338903888022250044e+02
3.138977347688498867e+02
1.669363031259020431e+02
2.455105218597403223e+02
-1.350859820907357403e+02
1.001157919086320476e+02
6.053398968399944380e+01
3.153459151070956636e+02
8.092865280136575734e+01
-2.393738014110880670e+02
1.303638630785580290e+03
2.857462699506225476e+02
1.765238616810467533e+02
1.341705276153037119e+01
-1.629407575082296944e+02
8.383680254368107398e+02
7.996568934167135012e+02
5.326962849563634563e+02
6.804262906223489153e+02
3.427300239057671547e+02
5.954129151056299634e+02
1.444337649393908123e+02
2.174413976669370072e+02
3.117969064161071628e+02
7.647687886873319485e+02
1.715234378660529160e+02
1.732692797376957117e+02
3.428988528414104167e+02
1.500781712033298163e+02
6.322123989172890788e+02
1.399888443886741811e+02
1.150432274635934675e+02
1.664998844519963939e+02
3.422645852547220215e+02
-3.295057150907264827e+02
-1.542573059261331423e+02
7.299477778518348714e+02
4.877264197114969591e+01
3.787223792466793952e+02
8.115680797191441798e+02
-3.753542719197226916e+02
2.094966234873462554e+02
6.372708186868318307e+02
4.072020454000518725e+02
-4.553987702183346755e+02
1.485886262222217624e+02
2.810664055925358866e+02
6.443845438066203997e+02
1.470608003539299489e+02
1.337675138147952509e+02
3.355124446659893920e+02
-2.952314528136878380e+02
9.718987761627399635e+00
8.384906104744322874e+02
-8.368581130129058465e+01
1.386995236855878773e+02
-2.549507081764713945e+01
6.517883457221564640e+02
4.222464428733185287e+02
-5.844271606912186598e+02
6.699225036610386042e+02
1.357625218573531640e+02
1.036305079764880475e+03
3.098457620288834278e+02
1.494000361309197160e+02
1.896185438607300568e+02
2.171570449131149303e+02
2.999710198589462493e+02
4.323285734344405000e+02
5.082606371255707813e+02
1.189815169301792537e+02
2.677417472459932242e+02
6.821684376811890615e+02
2.034981458463725232e+02
1.691929023559324321e+02
2.507345926619481133e+02
4.995696636457326463e+02
3.584824289012033773e+02
4.512570428010155297e+02
1.172151036388819421e+03
-1.441621102720672809e+02
1.427822106715657924e+02
4.848399038911164212e+02
6.259385707140984323e+02
-4.559590425131488018e+02
7.298694802492024110e+02
4.056742471119492848e+02
1.184143044849792659e+03
3.361219482901493620e+02
7.877430709522062102e+01
5.313403092833225401e+02
2.783768950854185960e+02
3.956565570058761523e+02
8.080418867466792108e+02
1.762677604428400002e+02
-9.708365384093660566e+00
2.931178293377050181e+01
4.596209023192464826e+01
1.052788195703324732e+02
4.866748103115871231e+02
2.986067402085084836e+02
3.930008023584021544e+02
4.458272944494923422e+02
7.327112820695859909e+02
8.128536441665228267e+02
1.813095351567980060e+02
-1.287548577153153246e+02
3.923004738065784522e+02
1.893819009538473779e+02
7.339655766619510757e+01
1.994522042926212180e+02
8.190427229798530107e+01
2.636301468451534333e+02
-5.047450389340035599e+02
3.687246402020793994e+02
3.499365239140562522e+01
-1.079197806591673725e+02
7.990747875666384061e+02
2.446998144703998150e+02
1.107932116698151503e+03
6.005249018056057508e+01
3.850609197895605007e+02
1.949726191731590461e+02
6.405622491881947553e+02
5.656456244895972674e+01
1.181180578745264143e+02
1.340859418228140498e+01
-2.515700372119435144e+02
1.820675944164134208e+01
4.775942151958403201e+02
-7.967382955292258373e+01
1.664624311407698372e+02
6.078305114071204684e+01
3.419789487325877531e+02
-3.057541330983701187e+02
-1.120793136308542302e+02
-2.644609638957423954e+02
4.414122417364993112e+01
3.848135770004722644e+02
3.847415285029457550e+02
7.791834355241574031e+02
9.808253883997857656e+02
5.260329375000246728e+02
3.486166978241364518e+02
-1.895076225592062542e+02
7.811283523872401702e+02
5.408482730455330056e+02
3.409957978640717329e+02
-1.368964340435817064e+02
1.174237773773754952e+03
4.230855612165078128e+02
4.963707214089970421e+01
5.118382930168918961e+02
8.938833166346938697e+02
7.766226250815705612e+00
2.061463195741164895e+02
8.987786665429028972e+02
3.714262294672894313e+02
2.773032672731755497e+02
6.015752799341923946e+02
3.784864840121277325e+02
1.042318629215416877e+03
-7.156472402373543673e+01
7.161374840698279058e+02
3.446749998271632194e+02
3.988730504637557601e+02
2.243171003476792293e+02
8.182279332261001628e+02
-2.319246979983167591e+02
1.516731522070777828e+03
2.172348223997673813e+02
-3.329027235148038244e+02
-1.999819216740941670e+02
-1.498723910756808664e+02
7.487803682259180960e+01
-4.664568914933038002e+01
4.473497843036102495e+02
-3.864527541847269276e+02
5.247695502764786397e+02
4.069789259340453782e+02
3.596443987164975056e+02
3.447406599728685705e+02
4.385768043043489683e+02
2.563971671287425806e+02
-1.151727703736826527e+02
4.751589525542325987e+02
6.654049906425755125e+02
3.428724464810307495e+02
3.098057029160007048e+01
4.594977513373166857e+02
3.358583664217835576e+02
7.254604113931230813e+02
1.171733160806271314e+02
6.507891251595901849e+01
5.828049201020330656e+02
3.630520171752611418e+02
3.545538872303412745e+02
1.791231730355720799e+02
5.125457897610721147e+02
-1.970640917117050890e+02
4.695410083027831405e+01
2.343266671026556480e+02
-1.481803040944285499e+02
1.653002125733006835e+02
2.560999491197626412e+02
2.317327864002173783e+02
2.100462915658080476e+02
-1.878059354809480794e+02
8.449006852318768779e+02
6.476406690787949856e+02
-5.906649613189409820e+01
2.965066372394837231e+02
1.754133390742514109e+02
-3.658990485403510320e+02
5.738134802467658346e+02
5.837876376086377377e+02
-3.191016898801343160e+01
3.378429839552508156e+02
3.315290261048169214e+02
3.268586720807026609e+02
6.890338571263502843e+01
-1.046091979238071588e+02
-2.113319631990441110e+02
5.106322467339356308e+02
1.243123334746763931e+03
5.910442588547955438e+02
3.421620975682091057e+02
3.260182856827724436e+02
9.656131101695171992e+01
6.719219883086384471e+01
4.385716370172176539e+02
3.943067655414036494e+02
3.047504069920559004e+02
4.197960642328425820e+02
5.319137937160159026e+02
4.368493721166956902e+02
5.534173253802840691e+02
3.408615315276554156e+02
9.952279108442603217e+01
-4.125796570138147672e+02
2.177672333619065981e+01
3.478480036609532249e+02
2.582829554096667266e+02
2.936448457305781403e+02
4.735299598479749079e+02
3.015964773076949541e+02
1.754236746903446544e+02
2.328781633462014327e+02
4.708693440964685237e+02
3.074431889777766713e+01
1.823753609087945051e+03
3.104797138719981717e+02
1.167525416207195690e+02
-2.125489940157430908e+02
2.353097273025388461e+02
5.306824664827505700e+01
1.599510485065751197e+02
7.580246453771085271e+02
2.246333554445479308e+02
4.005886089193861608e+02
5.658497131888195781e+02
1.738404817491915821e+02
-2.457642962931800668e+01
-1.203043736937585493e+02
5.359157287747111695e+02
2.607975954253958548e+02
-3.246148083375124997e+02
7.744204469861266489e+02
5.865176234204647017e+02
4.059791425303103551e+02
2.421144439682395699e+01
8.068936108939946052e+02
1.062653952895400607e+03
8.549999737546080780e+00
-1.053143961120861434e+02
-8.831589528235534203e+01
1.656918291520733533e+02
1.072337437962071931e+02
2.712267979789620540e+02
4.311109354913185143e+01
3.586686923567216922e+02
-5.909344369178667478e+01
1.630212334795577931e+02
2.929048223903773760e+02
5.267535155861908152e+02
1.027320782335256766e+01
3.149670699672626029e+02
6.242537099299911461e+02
6.586063745914630090e+02
8.628723561565418549e+02
1.051949346140211219e+03
4.994067235489586665e+02
-6.452291347409602622e+02
2.154946357542993098e+02
3.392658625909576813e+02
6.357388760993485448e+02
1.460970625403290342e+02
-2.632280262858932360e+02
-1.638284215485882953e+02
-1.594522672292214622e+02
1.876167518971210484e+02
5.707145434966585071e+02
8.202516500773068486e+00
3.963821473269395312e+01
3.269503282340979808e+02
3.225767026313241672e+02
4.800681258382266492e+02
3.516052415551234276e+02
-3.666839222465525268e+02
8.916301302139253266e+02
9.435775149050156188e+02
5.183251571384549834e+02
2.642842478543756215e+02
-5.401266194713283539e+02
-2.972478357112919412e+02
-6.939738786756166178e+01
2.169047018608892472e+02
5.149767040597484993e+02
1.382014981902815407e+02
-1.815939796823861627e+02
6.868104344271267792e+02
2.322061324544867205e+02
9.788738456129955523e+00
2.050821524619722993e+02
-2.392091643269123438e+02
3.668383138972483266e+02
7.267950701581274870e+02
-4.593995094633719134e+01
6.672019587322650978e+02
3.797465281455320678e+02
2.057746327402105635e+02
-8.472505255257498646e+00
3.602143178699532200e+02
5.987750647437662792e+02
2.928294338820116423e+02
1.606921929559688067e+02
2.539546958093405067e+02
7.603630416406542736e+01
3.588286948630327515e+02
8.576781050567268494e+01
-1.206030072621875604e+02
4.306299316627898861e+02
1.573333294361794685e+02
1.472275147005107101e+02
4.758779944379824656e+01
3.160958753902849026e+02
1.008021014366290956e+03
2.261179447672139702e+02
3.892514338311897859e+02
2.013543561381868017e+02
6.780066788880752711e+02
7.154359119973373708e+02
5.031144744653142311e+02
3.624136201810255784e+02
1.593842100439276521e+02
8.926332322810150117e+02
-3.146919322474251430e+02
1.398583413347101327e+02
2.626260419994542303e+02
4.790471680069155695e+02
7.387842930033605171e+01
5.637979315661308419e+02
-1.011590835707310845e+02
2.922048909157055974e+01
1.309068676168598699e+02
1.465228409042945543e+02
-2.464182109334068969e+02
4.477899716079893437e+02
5.531568253419683288e+02
3.680521598098094671e+01
5.074091832370109501e+02
3.624174662089295680e+02
1.013749846854891814e+02
-3.251114021067540989e+02
4.750126264825303224e+02
4.458738072439157349e+02
-4.026274137314690904e+01
8.220716441640411176e+02
1.258670560521372579e+02
7.859313843564699482e+02
4.093053177557100071e+02
9.042387756078438770e+02
2.637534401566833822e+02
7.202721512209409127e+01
1.402290336664219694e+02
4.779497835685499467e+02
6.716004883549347824e+02
1.772123414755583326e+00
4.798374274497120950e+02
1.342069906659336880e+02
1.076692390847156986e+02
8.247588667181208848e+02
1.770595572285802746e+02
-3.364775528727841447e+02
-4.545445739100330229e+01
6.103141948717993728e+02
1.942201230538269954e+02
1.058406290411688360e+03
3.412242618424489251e+02
6.198678768175418554e+02
-1.877391364310425956e+02
1.218832660756036432e+02
3.243557597847035936e+02
7.240813052350597445e+02
1.259506073608274164e+03
-4.508894920705912313e+01
2.377681446774051324e+02
7.621610082286198349e+02
2.374795870330856218e+01
8.002310218937060426e+01
1.206338504899544432e+03
4.626655791628139696e+02
2.376636124486377071e+02
2.005356622968207603e+02
1.118349465612080138e+02
4.619336067105587063e+02
4.665830953324468737e+02
6.646335100199521548e+02
-1.179406953144153647e+02
1.852706526010398420e+02
-2.647085432487307344e+02
1.728565373781536039e+02
1.042663546393471506e+03
4.244310879507228265e+02
6.054969389766181393e+02
4.272158338118384222e+02
2.144351383210134827e+02
2.427423835683947573e+02
4.791154414498704455e+02
1.368143905086854772e+02
2.207167992439869124e+02
-9.668246382203435019e+00
7.035375926214605897e+02
4.698702988359593178e+02
2.958603828568977292e+02
-1.352211989959013749e+02
3.215183811170843455e+02
4.762321376887202860e+02
2.097261892246618231e+02
3.484430109375857114e+02
1.453398723485913422e+02
4.518482120680241110e+02
-4.092615585894189962e+02
2.035751946805693251e+02
1.580937653244987473e+02
8.454962338437023561e+01
3.502539023734136094e+02
-3.979566417087556829e+01
8.632882644012418041e+02
-1.969637946272858926e+02
3.787001449830975162e+02
6.481333884712438476e+02
4.227389237685850389e+02
2.740057501048978565e+02
4.363457457769263215e+02
-5.169620108374285792e+02
7.511999967812269574e+01
8.396597208871767180e+02
3.573040238242508053e+02
7.362747732381558308e+02
-8.936694300353970277e+01
2.332784853898270967e+02
1.257819649673052140e+02
2.475491635601491112e+02
3.961414817963910195e+02
1.210861151661408641e+01
3.396834349146875525e+02
1.970363964304237356e+02
2.540290196359905224e+02
-2.949133493101762937e+01
5.441834350144677046e+02
3.784907431495897185e+02
-1.038331183657776364e+02
-3.798456350624995537e+00
6.787190698319116109e+02
3.128578249193610645e+02
5.944743187083578277e+02
7.724200853414431549e+02
1.722919511936485435e+02
5.339337251747664368e+02
9.733345687661477541e+01
-3.684651699284571436e+01
3.615878825016634437e+02
5.917515146812012290e+02
-4.440333385858608040e+01
2.045375395471072864e+02
6.717533913511684887e+02
3.494933803258619776e+01
3.498155107513894109e+02
2.757776082810528351e+02
7.152131865056709330e+02
-4.137845611608595391e+02
2.044607209020785490e+02
2.806924251623759119e+02
-2.923021751862271955e+01
8.669026534030662106e+02
3.920094639334474778e+02
9.189736540760401340e+01
4.632817808118728635e+02
4.886536433768495158e+01
3.801570579284681912e+02
6.192353263023604768e+02
3.479363863192849635e+02
3.376509979498364800e+01
1.405604051077103236e+02
-1.758076932399995940e+02
1.107431730425325611e+02
-1.577208260343242046e+02
5.354114300740185399e+02
8.312118395432000284e+01
1.123804849655479359e+02
2.553217042629563878e+02
-2.867738446982795608e+02
4.970573266345596721e+02
3.896044966677422963e+02
7.058102482552336596e+02
-1.216169314496380878e+02
2.293419115602769409e+01
2.485301495499815587e+02
2.718423140715993327e+02
2.000052572696827156e+02
7.505263081166091865e+01
8.322810014873732598e+02
5.306585209329659847e+02
7.709436622329578768e+02
5.385195217538808521e+01
1.042555689647487270e+03
-1.032893173329435683e+02
4.709604497520797963e+02
6.118874445569493048e+01
4.402934632202250214e+02
4.623516239137405250e+02
7.832053862017120309e+02
6.304949313190967359e+02
-3.665824156695520628e+02
1.017675041615258579e+03
2.054793762607061751e+02
7.184973401620208051e+02
2.265015918351769528e+02
4.982763422743897763e+02
1.194453774616665811e+02
4.076558193132520387e+02
1.176304096701337585e+03
-2.310199328317546019e+02
-4.132281076010353331e+02
1.759510116991143150e+03
9.215670682664765536e+02
1.972442688262055412e+02
6.298591744787397602e+02
2.445348895723486180e+02
2.974350955683013353e+02
3.772585586518069931e+02
9.750516645176151087e+02
-1.524913493942572700e+02
4.465372898668296671e+02
1.060412918093771282e+02
6.242291819375899422e+02
-3.640706296959135102e+01
3.993047920793375738e+01
1.935865275759337578e+02
2.388862432510231315e+02
2.047343176881373665e+02
3.246818692804332329e+00
1.281188227058340317e+03
5.388622838689103673e+02
1.005114723950452230e+03
5.320456508896728565e+02
3.025136154469490748e+02
-1.426666522235622949e+02
9.614910139678095220e+02
4.999814313095908460e+02
2.505308823027883705e+02
2.292781262678564644e+02
2.651615618035164630e+02
6.062755895239528172e+02
5.005462743532540344e+02
2.397090837177857736e+02
2.070462132984004882e+02
2.649135361460132572e+02
9.638241613891158295e+02
3.041519678871271140e+02
2.724694270207959903e+02
1.100998409331071571e+03
1.718377143364650976e+02
5.605209657156467529e+02
1.392311820072595765e+02
1.111109882063211387e+02
1.088909695802132319e+03
5.165438547947865544e+01
4.152809100546114678e+02
1.715274139784551721e+02
-6.728204210991020773e+01
2.912008538777233184e+02
1.023846303719793696e+02
-6.506611279886531065e+02
-3.825724570516891276e+01
5.569416588209960537e+02
1.229618328124965387e+02
6.962251098343813283e+02
5.894518114934577397e+02
-8.934728259857106991e+01
-1.188878744163320107e+02
5.903763634385766181e+02
6.830578004060803323e+02
3.626085007470342134e+02
6.439340297429970406e+01
1.327663734224202301e+02
-3.493795479790275635e+02
2.692795141411551185e+02
2.288284628173298643e+02
7.948948670052179750e+02
2.279573431700392518e+02
1.215045576540209851e+02
1.053416552351007027e+02
3.587332154535633890e+02
5.754551977602326360e+02
3.122263036931514080e+02
9.118196584858088727e+02
2.542939400455808396e+01
-7.433442987211383297e+02
1.785357255989617329e+02
4.516340362890720712e+02
-5.806261323746870175e+02
2.295353418175328670e+02
4.544663739199960872e+01
4.730349689785495571e+02
7.212307409581449065e+02
2.597282922347268936e+02
2.990405927307708680e+02
-4.696265930164624081e+01
-3.209142444456504251e+01
-3.102482485755469384e+02
2.069674223661167503e+02
1.837794495618666986e+02
4.879783070193923322e+02
1.592652870334602540e+03
-7.386053281756881006e+01
2.525896638005916728e+01
-7.303514354742313230e+01
5.310006722197788349e+02
-1.131755291410069901e+02
5.250461431399361345e+02
3.045737141879972114e+02
8.463038094385813110e+02
3.495823522738558609e+01
7.018948914518955462e+02
5.251805912280691473e+02
2.373129905649203124e+02
-2.767215186450414421e+02
2.832663585410974179e+02
5.398339027719076739e+02
7.215335788105021493e+02
1.769312968140184523e+02
3.418184013067257183e+02
3.598673324555073236e+02
2.873529327365034760e+02
5.454453487515163488e+02
5.576209898328706913e+02
8.647853071010341637e+02
1.726458895968119975e+02
1.000230135762507615e+02
2.789188850023555801e+02
1.358091035983949979e+01
9.767084651177523824e+01
4.217422835535512604e+02
3.529834614522024481e+02
2.954156636000224125e+02
7.358779798532310679e+02
6.402206695968527583e+01
3.574952289393218052e+02
5.559833886236644958e+02
6.960001472630781336e+02
4.357849769530142794e+02
2.806343266032392307e+02
1.090576481890010655e+03
3.381490952643480910e+02
5.322904856971282328e+01
7.536682378012558274e+02
2.635656147086273791e+02
8.270240781214129129e+02
1.220799347299641227e+02
-1.790913604163830541e+02
6.440498826175208080e+00
-2.550405234449255545e+02
2.581723615378783734e+02
-2.804487441963543688e+02
4.821070100400007163e+02
5.465455523949862027e+02
8.181683439773214559e+02
1.136117804397810715e+02
6.809741683419620131e+02
9.400077346664959066e+01
4.566744552585890347e+02
2.405770379232366736e+02
2.492785760251902616e+02
1.178453680523753064e+03
-8.347096752124699037e+01
3.676834876602672466e+02
3.926878367063064843e+02
1.110403276358481008e+02
-1.169695896645168460e+02
6.373707002802747184e+02
4.191006713888569948e+02
3.824300416341886830e+02
4.812673180751563677e+02
1.900639250960688003e+02
-1.301509292469572756e+02
5.808244971494880247e+02
-3.495512162825075109e+01
3.248854065830168452e+02
1.167489638726529222e+02
6.477304741164783763e+02
3.242523683129671213e+02
2.358829969480458146e+02
-1.905729389231512414e+02
-3.076052599726582457e+02
1.951265647560059051e+02
-3.405426000665418229e+01
1.218669608316533868e+02
1.764846670487940727e+01
-2.506007152570819869e+02
6.767372450222286488e+02
1.862220520317747514e+02
9.341112319319790913e+02
-6.586938627070814789e+00
4.946637239391296248e+02
-4.398923719750085581e+01
4.335325929646923271e+01
-4.295963972442173429e+01
2.059452702416270142e+02
-4.497073680994805045e+01
4.833572036652961970e+02
2.909106986400162853e+01
1.961749605493127433e+02
4.366475285506841146e+02
7.831551494362415156e+01
3.155901329836879086e+02
3.997215687601781156e+02
4.989308220237341516e+02
-1.588243029807172206e+02
7.954890942520199815e+02
3.853343094807880220e+02
8.390570630037944966e+02
1.804219416159382092e+02
8.455072372348865883e+02
-7.530363099188647880e+01
2.586798355689323330e+02
-8.110599452210810512e+01
2.576109321727288943e+02
7.515722889946810028e+02
4.389195835911345966e+02
3.197901038623297154e+02
1.006471175107490353e+03
1.799837652431508559e+02
4.338769254616952367e+02
3.208199590243367538e+02
-1.036134790107046655e+01
-1.870458777458601389e+02
9.510675700790993403e+01
3.452130502690482103e+02
2.851184995865107794e+02
5.889640225746173883e+02
9.055381688384312611e+01
1.457903759716968125e+03
7.264645881123682329e+02
