-1.072015298413245290e+02
6.915189217880822525e+02
-4.511838078660314721e+01
1.854086522011655518e+02
8.551464200972910703e+02
1.252587027040574696e+02
2.997893913819301019e+02
3.200717000123547109e+02
3.943552233701109913e+02
4.447593136667334193e+02
4.900711155951136107e+02
2.483374433720026104e+02
3.121824706612385967e+02
-3.452542648677840589e+02
-2.212062107230926244e+01
2.794052091118887233e+02
-1.270685002695022945e+02
1.789293366316946106e+02
5.086324281121836748e+02
4.785515524702342987e+02
-5.281031063512715207e+01
8.313943260476797548e+00
-2.093038617500362761e+02
1.208822672363349966e+03
-1.526769441796025149e+02
5.555433739605339838e+01
-7.639708914536257112e+00
1.970048454358165202e+02
3.536540140237359537e+02
1.612923430606222723e+02
4.361487569696570290e+02
2.982960214454552670e+02
6.658926030644176990e+02
1.529612558442903207e+02
5.280953866115987694e+02
3.101923802357256363e+02
5.008382055456883108e+02
8.973670187611304527e-01
3.193003102419239099e+02
7.133430180211926199e+02
4.419172720113132300e+02
9.741636248804628195e+00
7.211212318179068461e+02
-2.998155235681515478e+02
1.407544879878484494e+02
3.620559799468210826e+02
-1.631197508138645276e+02
-9.243188621316154752e+01
7.092444449885756512e+02
6.538585265468302623e+02
-6.069360921885143512e+01
1.102667688518676243e+02
-2.462462877150002782e+01
2.861603769108865549e+02
5.958353258492844589e+02
5.205523603253819829e+02
1.594335906771800353e+02
7.655470357671643455e+01
8.952476503546392905e+01
6.781208661795308501e+01
1.467072501801342810e+02
4.605466766913123422e+01
-6.115578683243794700e+01
2.343325671558077374e+02
1.077507818624114577e+02
-4.247483683199148174e+01
1.913840930847817106e+02
-2.336208611507432664e+01
2.666274591785879693e+02
1.185754213694379587e+03
1.549483361058298954e+02
6.210038167121966808e+02
1.909763726151423953e+02
2.942048443721088233e+02
7.279556683533661499e+02
9.059884219777591170e+02
8.695429511997629106e+02
-1.319799862972862172e+02
1.897475980094393719e+02
7.547622847815222258e+01
3.610994338217553832e+02
8.407064574473420748e+01
4.885457246060582861e+02
5.539213410253884149e+02
6.297595933219494100e+02
-1.144823357290723465e+02
-1.012374508632514107e+02
4.291494616857239635e+02
2.705267314662247031e+02
3.159319030071156931e+02
-1.604699279295101633e+02
1.075469751468595177e+03
3.335542631505425959e+00
-4.813606420067049640e+01
6.152978686575930851e+02
1.169296842999108321e+02
5.314560287533589644e+01
1.391093930600496265e+02
-8.752838710943943568e+01
1.794950810211633154e+02
3.305519680348501765e+02
2.909348133703310850e+02
4.938059007005297758e+02
2.501289117289472586e+02
1.012087682440891626e+03
1.517137100345503882e+02
-4.121431046515389340e+01
1.042685620346239261e+02
3.435552981854597761e+02
2.550881610938397159e+02
-1.394037072002489595e+02
2.843986990121516669e+02
5.919893429038756949e+01
-5.039160332789259655e+02
2.497934869349677172e+02
2.547430591158330415e+01
4.540675720504572723e+02
2.378411133276534599e+02
-8.618675146546938493e+01
8.356514040413527482e+02
5.826514935029538123e+01
6.258521294487269415e+01
4.530675626893706180e+02
1.884820435585238272e+02
-3.942209793489491432e+01
2.288081343073270375e+02
3.473643586172725577e+02
9.163232669360391469e+01
3.776116401693868738e+02
2.962124190988445775e+02
6.819145869029367759e+02
5.593819219047694560e+02
-1.980196173036531704e+01
-1.688701252654225868e+02
9.107896806739695705e+01
3.725476082380924367e+02
3.223768280661240624e+02
7.085928703370273070e+02
-2.550517531411630046e+02
1.257049931755715164e+02
1.253416380769145491e+02
2.324765697562968967e+02
-3.088322499219856923e+02
4.228676216624083395e+02
2.448576812920732095e+02
-5.584017313774702984e+01
3.481879380861511208e+02
8.768291998285468480e+01
3.752680274396615800e+02
-2.450872841488535698e+02
2.953715370493492287e+02
6.981694292371240351e+01
6.287368576631490669e+02
-4.381838387614674843e+02
1.517713835079557896e+02
3.344151993263768077e+02
-1.569708633375539080e+02
5.502203411970813249e+02
6.071379036005394880e+01
-1.058592461886109675e+02
-6.461990298686745859e+01
7.669878767323604052e+02
-6.270357241208458277e+01
-2.451837567789437600e+01
1.053105073288395772e+02
4.214002754352121372e+01
2.665070099308452996e+02
2.020271882828926948e+02
7.692828777924358974e+01
1.567639446999440338e+02
4.910205318810832864e+02
5.110709693287530513e+02
-1.207199597832300526e+02
4.439139440765024460e+02
1.519752384860908023e+02
6.740302151328787659e+02
2.276462882742223925e+01
1.154996990569579651e+02
-1.777902041427991833e+02
-1.311080451779702400e+02
7.010621198167852981e+02
-2.170644743677927480e+01
1.328800497763640749e+02
-9.041578319605444847e+01
3.800986401462572530e+02
1.631738824534366131e+03
-2.157667614076075324e-01
5.355047007738149887e+02
-3.976534629247375960e+02
2.117793207809792762e+02
-1.385356089552699927e+02
4.576904979504551534e+02
-2.906213298691101841e+02
-1.465017056400291438e+02
6.806272448169079325e+02
2.415388317721145484e+02
4.454983366725587643e+02
3.946069955483061449e+02
1.861429338207741750e+02
3.912247422500082052e+02
5.499705160889690205e+02
5.450745113576551830e+02
5.145775544946155833e+02
8.708367449318326408e+02
1.554009281351299308e+02
-6.867705641190278243e+01
8.612262215970108628e+02
2.821259718171818349e+02
-4.080102947495889794e+02
-9.904970262658338243e+01
1.845315517559793363e+02
4.364190049570570409e+02
1.164828756449577668e+03
9.786918111854447488e+02
1.021380073331915128e+03
1.903590836068617165e+01
2.955093552229905995e+01
-5.007073127561064041e+01
6.470838275780397453e+02
2.560677375405601310e+02
5.224833708199545299e+02
4.288295087960578940e+02
1.015871627013603188e+03
-1.037803629917274151e+01
3.808091642399577950e+02
9.861006625100610279e+01
1.114827962609437577e+02
7.520304199160651848e+00
-1.928860819632188850e+02
-1.024696770038903821e+02
-4.562771726296906394e+01
-2.425058109911582847e+02
5.699059358183807262e+02
3.142352688667672282e+02
2.631183358027577697e+02
-1.922780589273949090e+02
9.858418311724194893e+01
-1.474933141615684349e+02
7.467170223461894807e+01
9.486389089113302475e+01
3.101298486992105836e+02
4.611290205416697745e+02
3.232341377618864158e+02
1.244946084857930657e+02
1.929918413262387560e+02
-1.214466902367545487e+02
-7.631390100154510492e+01
2.156124138654964781e+02
1.460151128544851815e+02
-9.062346493868780328e+00
5.301857374122561168e+02
1.193088956855583262e+02
-1.163726581476939259e+01
3.671587023137462893e+02
-1.759576830850323574e+02
-1.268464186469011281e+02
2.825628723441300849e+02
9.391648247865460064e+01
1.981088051415177347e+02
3.225387663716379052e+02
9.274869741329478074e+02
2.019707850428310394e+02
2.116318501158053493e+02
5.859095044605144267e+02
2.806169452412070768e+02
4.599454309740009990e+02
1.096991009790689162e+02
4.268894795766046286e+02
-1.205514908671679990e+02
-6.673017847056264884e+00
4.463346683226368441e+02
-2.909385534437178649e+02
7.110912635342523913e+01
4.977621503951316981e+02
1.196584125899738183e+03
3.543519308804470143e+02
1.697528003181032119e+01
-6.917662113985976191e+01
-1.075589266421911248e+02
2.220809883491803305e+02
2.158176942454276741e+02
-8.868296856189702737e+01
1.365980246485803491e+02
1.142512207040710337e+03
1.298027998870097008e+03
3.509932575732552777e+02
8.195532158919908170e+02
9.434798734274568233e+02
5.048371800761344730e+02
6.580238024987630752e+02
-2.818789999399770707e+01
-1.176691497028228781e+02
3.494853148683980066e+02
2.696263104273234035e+02
4.607349455359683930e+02
-2.373639637066450803e+02
6.665725766253732445e+02
1.992031166065250147e+02
2.958969241632935621e+00
1.544818416673311035e+01
8.476240751622450489e+02
-6.803520001484321256e+01
3.396857028747503477e+02
-4.206874821067688686e+02
4.021675535727237047e+02
6.121156434790594858e+02
5.968953819926418873e+02
5.026768478487592802e+02
1.201703127793434987e+03
9.676111642448681778e+02
-7.209685919740721260e+01
-5.771388643604689150e+01
3.892843018966294721e+02
8.721343448233727713e+02
-1.383603391011484973e+01
3.595579496397570551e+02
5.192550530114987168e+02
-3.331439549607227946e+02
2.793354982079314937e+02
5.652309950323812018e+02
6.449036446309180519e+02
5.579085643694464807e+02
1.198765867621581265e+02
-2.745633113965958927e+01
5.370321124560011867e+02
9.504694447418328309e+02
6.051775653639477923e+02
5.921044186342385274e+02
-7.552675346817284208e+01
9.197926049976180138e+02
1.311389053570775616e+02
7.262301127894508568e+01
2.069434173050997003e+02
6.091953322140241198e+02
-4.359430480019655079e+02
-4.238964518154155598e+02
7.046114855623025051e+02
-9.436777600757211815e+01
4.640581328461477710e+02
3.884936296924352064e+02
3.510765388119509680e+02
8.052960718644760618e+01
-3.884206066135841695e+01
1.448082605395782139e+02
1.236862772818855944e+02
-1.189852574338331408e+02
5.070440582711987645e+02
-3.195044239550444232e+01
3.601957061405535683e+02
7.855471939210273149e+02
6.028911709788619788e+00
-1.270927888831357251e+02
3.293913583033797750e+02
-1.360174498932892106e+00
3.251758785488887042e+02
5.637201378972263655e+01
-2.165932607461116390e+02
1.878962749753205799e+02
-1.429235546695255437e+02
-5.730371119907219679e+01
7.840081582629996149e+01
-9.592118399245084959e+01
-2.473848883130460479e+02
1.129481977566392175e+02
3.587754183288724903e+02
2.315994553155094877e+02
2.288362225951480013e+02
-9.174110485773297796e+01
4.078610146437533217e+02
1.610645443691155378e+02
-2.952333589190951457e+01
2.598614246919802326e+02
-1.303666706213670068e+02
3.975639504533939999e+02
1.370105434302957974e+02
2.018083559784391241e+02
6.408721138415469341e+02
3.646819298728945569e+02
5.111886342949487130e+02
3.139126447748755595e+02
8.158595993301803446e+02
2.508486336588134975e+02
-1.504995663334922540e+02
5.130760456731775321e+02
-1.975909451663719096e+02
3.366561809991688392e+02
7.289466589878126115e+02
5.468381920334713868e+02
1.070749612253839018e+02
-3.894218724005862953e+01
5.730427826158714879e+02
-2.261184467756256709e+02
3.078653141328207425e+02
3.409377805132020853e+02
2.106993734171827839e+02
-3.454218954672021482e+02
6.939366234902358883e+02
5.004080279532073519e+02
-1.769789019716430545e+01
6.226744462183846451e+01
6.862276151487512834e+02
4.473606770331472262e+02
4.995479301519949331e+02
7.052422220842710203e+02
-2.639253506363789938e+02
1.641507715115140513e+02
2.528323798628561860e+02
-2.928149245964254987e+02
7.701639869146525541e+00
-2.437312126571580961e+01
1.067358021100028367e+02
1.928144812835180630e+02
3.336503756632420163e+02
1.242555492966696988e+02
4.511042902720349730e+02
-1.559395293650366909e+01
9.863200346402102525e+01
3.452158404442384381e+02
2.338279832126875988e+02
-3.648507872354972505e+02
1.222617042175360496e+02
-4.085578992949826329e+02
6.264350977604565287e+02
7.728975891635178641e+01
2.687675485517144693e+02
1.909515011769470902e+02
-5.386635887655235422e+01
2.257560255192787224e+02
4.864421022718493646e+02
5.936779822940201257e+02
-6.493340783058422971e+01
5.766626243602436261e+02
3.103912548207337068e+02
-3.838120798344498041e+00
-3.153933426310181858e+02
5.426809828677805854e+02
2.485574648887223930e+02
-3.769894530157979773e+01
1.809495958545807355e+02
-3.651085233844007689e+02
3.040486350398896889e+02
5.866997033583540997e+02
-2.219428352014219286e+02
-5.214566896334150670e+02
3.940025516796582679e+02
4.915683896945988636e+02
2.451439746145301513e+02
-5.087235682835334671e+01
2.449941906182444740e+01
8.849043933856297883e+01
3.665151870921764043e+02
1.221827631619202492e+02
-1.027310493970929173e+01
9.316822008789564791e+00
5.512840105675824134e+02
-4.148523110835933494e+02
3.617709026086795348e+02
2.073725692047121356e+02
5.120589728009034616e+02
1.793874965979456704e+02
5.516023998471628147e+02
6.766835185197703595e+01
6.092332436322444664e+02
6.295037406261752722e+01
4.968651305982445621e+01
-4.696941137230533769e+01
5.009512102121659041e+02
-2.196118461334283722e+02
3.251937543776800226e+02
-1.718297624294103798e+01
4.219232932111426067e+02
6.550121050950747303e+02
4.422433024643173098e+02
5.152458181848118102e+02
5.522116408737816755e+02
9.004626001878833677e+02
6.205983855943491108e+02
8.571065828958227257e+02
4.573010216854290633e+01
-2.354380503295318050e+01
3.521760457634128443e+02
5.891207811683597129e+01
-2.814112938249274407e+02
1.172236582439967663e+02
-2.593322461508843730e+02
2.038356993364774610e+02
-7.383617405888724505e+00
-9.826329002974649285e+00
3.289929785712417925e+02
1.008086221088054657e+01
4.901006037082988200e+02
1.537466697537407256e+01
1.916976651723749967e+02
2.402267346632464751e+02
7.278668458024226311e+02
6.025748570753479498e+02
8.186594250563849755e+02
3.413896190281591885e+02
7.556140234699576013e+02
1.859613051858597146e+02
1.896168350641241318e+02
1.629128070834740640e+02
6.436474605473246413e+01
-1.379329136562567442e+02
6.859076678019420115e+02
2.951773340539479662e+01
3.480491764959310785e+01
1.498352683223210420e+02
2.098272711515024298e+02
-4.350621267089096023e+00
2.115537918082451938e+02
4.751025108454267070e+02
3.577554516350550102e+02
4.455820525485944472e+02
-4.859882524202977265e+02
4.023602833537260040e+02
2.618702718260144593e+02
1.861331733002841418e+02
6.837134478211591926e+00
1.244277218499967717e+02
2.338865035453135377e+01
4.015398247624554529e+02
6.866973915238553445e+02
-3.032682760553635717e+02
4.406183352418051982e+02
-3.447589308420021439e+02
-4.077539656104678301e+01
4.614217444554479926e+02
3.024180822060287142e+02
2.721971087582435302e+02
1.582213678911190868e+02
4.528365649354221887e+02
6.171302656629081866e+02
7.220513362159942972e+01
4.633279152842752637e+02
3.978877350416278773e+02
-3.257292691958584641e+01
7.119616196180666634e+01
-3.381885599633560560e+02
4.867743680603967960e+02
4.150093104469556806e+02
7.594418156303099749e+02
1.595709653822993630e+02
4.918198001948595106e+02
-2.250782395541752692e+02
2.517424898130900317e+02
5.509134626534610106e+02
1.480064439191485235e+02
2.065923783691032440e+02
-2.944917497831345941e+02
5.736189308769369433e+01
1.980734510741303041e+02
2.901421608409044950e+01
-2.510002718073685202e+01
4.811932586086214769e+02
1.039731067337788488e+02
6.891165908922229733e+01
2.875826445857409297e+01
5.507032862029520857e+02
1.989333842909178145e+02
6.938620864315848848e+02
2.344535222795445151e+01
7.740171009827820399e+02
6.101924151787396511e+01
2.190923636922219089e+02
-1.934087288282004238e+02
5.245939502147258509e+02
3.576642761039140623e+02
6.264243329675568930e+02
2.895538489719289146e+02
-1.203435440293672514e+02
8.714819942851455608e+02
7.480809722646848741e+02
6.471379213197191120e+02
6.564542493877357856e+02
1.034887496935243547e+02
1.961943976320551428e+02
4.132330615208844620e+02
1.362620563041011224e+02
1.407406718578898221e+02
1.637893751353775826e+02
-2.495530493574020170e+02
3.685358045802399829e+01
3.151878049281193839e+01
9.444344824501954463e+02
4.648935895991260168e+02
1.450312609671118764e+02
2.288604291491466256e+02
-2.440851783641751354e+02
8.204650124760078711e+01
2.301271952918651209e+02
1.218451960378457954e+01
-2.390522433815353338e+02
8.673137314450427766e+02
8.010370508150014075e+02
3.331755240958945024e+02
3.945472337134193026e+02
-1.780092979342285275e+02
4.845237560633456724e+02
-2.762771109406539836e+02
-3.993337614030394889e+01
-3.744766824078325840e+01
-6.363633173984409552e+01
7.884673619678023897e+02
8.900025668838399895e+01
4.106286584501872312e+02
6.138470560543436250e+02
1.466629190937484282e+02
2.225822113910422502e+02
-6.922601049823795165e+02
8.112790934998570265e+02
2.536808123356007911e+02
-3.033715994902588591e+02
1.405704389763411427e+03
3.948529414499927270e+02
4.772084503394437434e+02
-6.734644762295943110e+00
2.021886060986737164e+02
2.540399929765583522e+02
9.606694455677742894e+01
1.989818796103594707e+02
-5.297759621256307838e+01
4.756465508610402821e+02
6.606109004753047031e+01
4.397264496124312814e+02
1.261385904954059640e+02
1.393621076975064170e+02
-1.350586614809962782e+02
2.382251139194564473e+02
9.092275256921487880e+01
6.247646311997472139e+02
1.516588995072225430e+02
5.352131946500044251e+02
2.600967505135225224e+02
8.879388716522616676e+01
4.653898174334804025e+02
-1.222953350630805858e+02
5.977327248689039152e+02
8.469190789283385357e+01
5.278936182428127495e+02
1.703984822413195559e+02
-1.546507276068224996e+02
4.376867834935802080e+02
8.230969567545193968e+02
3.847500085998850068e+02
5.122336789621967910e+02
1.676328816206505508e+02
-1.148406071877843715e+02
7.363111360418613458e+02
3.333038003923751944e+02
9.184704819774871964e+01
1.278194253838513532e+02
1.819936112902100831e+02
1.639396814837405714e+02
3.450606619287967192e+02
5.949069361976680739e+02
3.757780804639881467e+02
5.560848171305590313e+02
-2.054991316966433601e+02
-3.244062634455028871e+01
5.752903991719838359e+02
5.936485772590423267e+02
3.081737932616644002e+02
3.284927020052915623e+02
2.335307933240095224e+02
1.140508995983362439e+02
3.275929449151286690e+02
2.148090885420272400e+02
7.279986866966777370e+01
2.342246083012349800e+02
5.727690985232665071e+02
4.159726642022428678e+02
2.900437817740058222e+02
3.811791748919181941e+02
1.534289671845475596e+02
3.172168239615714356e+02
6.361187959933420188e+02
5.764196221206528890e+02
3.743268195905376388e+02
1.833193692039612017e+02
-2.080088050316751946e+02
-2.076529321970313191e+01
3.944462009360391903e+02
1.736890825295979468e+01
2.645138946517751037e+02
2.613094970178145218e+02
8.014130492740264344e+02
7.574379958850731782e+02
6.612882033010513396e+02
-1.788878376530327898e+02
6.920447052147327440e+02
-3.919446958452790852e+01
4.334788451297048937e+02
1.859667832943151780e+02
1.066401803651581076e+03
-2.286404994302704665e+02
1.633765924275592454e+02
2.242715244149294733e+02
5.606641329843625954e+00
-1.087385072094434406e+02
-4.136606467658536701e+01
-9.755711098449020824e+01
7.619931218453066322e+02
-7.736604091756962021e+01
8.650659058765561440e+02
3.508815745968889814e+02
2.885422240096186215e+02
-3.182009910157164541e+02
-7.885926498986896149e+01
-1.915821824776923421e+00
2.977322970869305436e+02
5.937333266407107430e+02
1.131735999546704718e+01
3.000002929518827841e+02
8.869595569323121254e+02
7.502143796621702450e+02
3.486929574870517854e+02
6.824994514997279111e+02
-3.119421633770309654e+02
2.170435245561835131e+02
5.788779281637948060e+01
-1.944540450883600613e+00
-2.169668162837764100e+02
2.469462596627118955e+02
7.219168594566923502e+01
5.553434368984984530e+02
4.964239578826082493e+02
2.815508581264834334e+02
2.718695625836723480e+02
-4.130865725096102636e+01
-1.349655995711240166e+02
5.623873981737298209e+02
7.602340102401107913e+00
-1.404194492186584853e+02
6.686055466790735125e+01
5.333490810313867314e+02
-2.633986916987900031e+02
5.276861495424531086e+02
3.660390427708575203e+02
3.395450848921481679e+02
2.567326493996773706e+02
1.253173000569803008e+02
3.086452746187708840e+02
3.720992876800050340e+02
1.673522934830174052e+02
2.300772824441539512e+02
3.339917219139091458e+02
3.319298243822213408e+02
2.820932727579823904e+02
-3.016329843861300901e+02
1.051626872636655463e+02
2.490004612730458575e+02
2.920943040710320702e+02
-2.379095094074343422e+02
-3.200969524555372345e+02
5.159351261020872244e+02
-3.795912207698090697e+02
1.529642740585840670e+02
-1.757780675210867471e+01
1.906353121460873012e+02
-5.072423711124714174e+01
-2.507620683531057182e+02
6.907816069291409349e+02
5.493081486393430168e+02
2.862677743618207273e+02
9.111021079589006888e+01
1.590721903985544827e+02
9.642148286793462830e+01
-3.446415037804431449e+02
7.217097688321221085e+02
1.088084497198934883e+02
-9.174617128000345190e+01
6.175167599224737387e+02
1.830299197867296925e+02
2.326390912382514387e-01
-5.316961576187923129e+02
3.668049592763412647e+02
1.875456079072288276e+02
2.479049274395453040e+02
1.585185819489859114e+02
-2.154692918205441003e+02
-5.080049612659033187e+01
-2.989953705819821153e+02
8.387387940209239900e+01
1.052964703233699595e+02
3.189677600812498213e+02
4.832859300364522142e+02
5.235780390746513149e+02
1.106492313399923120e+02
-3.896928170448020410e+02
-1.457580662172333916e+02
-2.729267218839445945e+02
4.357654078780084888e+02
4.223479351806518594e+02
3.455497148675838730e+02
1.877200715801733111e+02
3.770718226533406323e+02
3.043622455962166669e+02
8.394838373200411752e+01
2.935619440026266034e+02
-1.895931054849829991e+02
3.208767275833430972e+02
2.256319134669126925e-02
5.365803225514887345e+02
4.241887537611801235e+02
5.395328830546837935e+02
1.460081144758840310e+03
1.717761973012929673e+02
4.799195276370673469e+02
1.696140073797540708e+02
2.110318466775131014e+02
7.121917029860031789e+01
4.162274923443498551e+02
1.574982468566654177e+02
3.992471217900219926e+02
3.504299383940202972e+01
-1.825935668091450452e+02
6.442679806836829357e+02
2.700843942164673877e+02
1.373046824789371954e+02
1.043855448848514129e+02
-9.291212140494565119e+00
-2.069624141335387435e+02
-4.384089672669158944e+01
1.663655350507200694e+02
7.283232938432480097e+00
4.293762116452576265e+02
1.800057996243928926e+02
5.757274494624106609e+01
5.988505309416406135e+02
4.905384418304001315e+02
1.025692161930352597e+02
5.926870692356222889e+02
7.141806301270771655e+02
-6.076743104796094030e+01
2.732303997392640582e+01
4.852970374420613098e+02
5.744604701289325988e+01
2.625900603715712123e+02
-2.309346858824788740e+02
-5.410335981893487087e+02
4.534806659571795535e+02
-1.233335110254177280e+01
-8.708957946160560937e+01
2.483527758328607717e+02
6.346857499055197422e+02
6.081824690406637046e+02
1.794546582424187022e+02
6.197302716853239417e+02
4.981594432731165512e+02
-1.282592857608935901e+02
3.276240017543043450e+02
2.191331311165268971e+02
-4.707499052120986960e-01
6.075050837582027441e+01
8.743077587951231635e+02
4.127668663136113878e+02
2.863204210429192358e+02
5.145882842594320437e+02
4.232837439887387632e+01
3.238441669424923930e+02
1.913759008081214574e+02
-2.850513528752370576e+02
5.037832072553044327e+02
4.017265780375424811e+02
5.352376840353688294e+02
5.074187346854341172e+02
5.378333004066073499e+02
6.766335214222726790e+02
4.601652980338316183e+02
1.405335949171089283e-01
-6.203349532496051211e+01
6.442432153304019948e+02
-3.417017244622345515e+02
5.034934765375473944e+02
7.157870031824771786e+02
4.425296851735067776e+02
4.922234126757406614e+01
1.021450261623917299e+02
1.948155174983211850e+02
8.796995877038041272e+02
2.419079631046826080e+02
3.827082651628442704e+02
5.228007688827335642e+02
5.854856483311993998e+02
3.667175554233098751e+02
7.013344897532219591e+01
-2.282282296603037821e+02
2.478848960493777440e+02
9.364510279600295917e+02
1.951357005996242435e+02
3.128229680337232139e+02
6.321206136059385017e+01
4.309857131737799136e+02
1.923490348619461656e+02
6.113077845015577623e+02
-2.551815148741454919e+01
1.316628523068572747e+02
6.444040886806093340e+02
4.561996590311630939e+02
1.129506230290993926e+03
7.229443357985156808e+02
2.447448235880650600e+02
4.963630599567492254e+02
-2.041040559634656972e+02
2.119039634903495823e+02
2.269798979359049795e+01
4.427075331942896810e+02
1.664430003606371713e+02
4.230698180542594855e+02
-6.796703570652356063e+01
6.334792251929882241e+02
1.529307260235903811e+02
-1.289780401360492590e+02
2.622029324815020601e+01
2.528979288989294218e+02
5.430104684587378188e+02
5.863914705144821937e+00
-2.377864810898222458e+02
1.677285105567178789e+02
1.636552769892529682e+02
5.153086290891267254e+02
3.325113580780540445e+01
3.533758956408990457e+02
3.077450387553949440e+02
1.464958691278756930e+02
2.194059610249988737e+02
8.335063443034061947e+02
3.318040773004871085e+02
6.382079484314235174e+01
-1.679572403041366613e+02
6.656011286914713310e+01
-1.988130195883785234e+02
4.027118579150575783e+02
-2.416702585065411668e+01
-5.116276699084413337e+01
1.975728141415757477e+01
1.208298345089696113e+02
-9.820776426435281792e+01
5.251148237090297926e+02
8.563449650414094094e+02
-2.496409433691054574e+02
5.185680741060432410e+02
1.932041041328677125e+02
4.882498224892957523e+02
2.571509919092066525e+02
-1.144757522082779815e+02
1.130228203159590947e+02
1.001963547549461850e+02
2.972207933349728251e+02
3.744962281195874994e+02
5.160148351680304586e+02
3.625726953973274931e+02
2.419438151771030334e+02
-1.038814756095131315e+02
-7.422317850774433623e+01
3.023971958305135104e+02
2.221685225967704582e+02
4.604216324459541170e+02
3.405281813209179518e+02
2.770841183606759159e+02
7.434021322099304143e+02
-7.951506338757187109e+01
1.151419245822500670e+03
2.127032529429500869e+02
-1.499774640141885413e+02
9.904094785143908553e+01
3.287340825433291798e+02
2.891331007371666715e+02
3.607980499307124660e+02
-4.228338064450588263e+01
9.772900989012515538e+02
2.911003193154244855e+02
5.880151020941030993e+02
5.534887882850960068e+02
3.575842343969166564e+02
5.032315264545837863e+01
-3.289186356339441630e+01
-1.089375775980234664e+02
-2.424221903873775545e+02
6.550940873600643499e+02
9.648716499146537444e+02
-6.175019183961817504e+01
1.530957506559012131e+02
2.993043691664593098e+02
4.767496008392474778e+02
1.491406265169593226e+01
4.869145801125640105e+02
-1.181707567874816078e+02
9.099335655036281167e+00
7.749416097131756942e+01
2.680048241567573086e+02
6.058311698004819164e+02
-1.335489463453318990e+02
5.845535107738597844e+02
2.469277508268814927e+02
3.761045296454849449e+02
-9.492945190889977880e+01
1.223510972416645970e+01
7.220298244939843926e+02
