1.521643750121588994e+02
3.053096058843447622e+02
1.221112948633461883e+03
1.300764414239411906e+02
1.227181857129893245e+02
5.180821705680766627e+02
-2.991530974896620165e+01
1.556885633303314194e+02
-1.410978265199653379e+02
4.282372701082265962e+02
2.908819305769494008e+02
-2.115486028827038467e+02
1.930019814596217884e+02
2.191229495306065473e+02
-6.548137473311727774e+01
7.055283258057643252e+02
3.094399610195431194e+00
7.580223418027768503e+02
1.349107181097363934e+02
6.429443093647832086e+01
6.877085181076748768e+02
8.528528804040258819e+02
3.660433501904624904e+02
1.197162854794496980e+03
3.144285269874769710e+02
3.599502847743640359e+02
3.740978084516402191e+01
6.203005028835063968e+02
6.886057109840681960e+02
2.708136483533058367e+02
2.915788065381620413e+02
-2.981123304568432673e+02
4.754468717836165297e+02
1.526930977925690911e+02
4.771289918418497109e+02
2.334353602470542910e+02
-2.337475840578070461e+02
2.404034419469170416e+02
2.066742624669159341e+02
9.192910974623330276e+02
4.383415387951251887e+02
3.520357409011691061e+02
1.138096092110635936e+03
3.863361900234763198e+02
3.148499223313275053e+01
-2.408677032283609947e+02
5.404925033188488896e+02
5.154706985441724783e+02
-3.321216579835176503e+02
-1.582582449394970183e+02
-2.210883818368059650e+01
-1.704575056110368081e+01
4.674992782396187181e+02
6.105852811572709697e+02
4.486842954790859039e+02
2.963328848292309203e+02
-1.286751248228318332e+02
6.630984815205434302e+01
6.131054760230401968e+01
4.487296474542902160e+02
3.561658605352511699e+02
-2.360813850969144312e+01
-2.335175386359766492e+01
7.914799611082065667e+01
1.158068764399415329e+02
-1.123157715972706114e+02
2.420664302029116186e+02
3.139098750210446269e+02
7.516357857023765519e+02
2.995683822979527804e+02
6.000487178827073365e+01
8.569971888241691715e+01
4.245056334159070843e+02
1.355032482075151279e+02
8.950406009755309356e+01
4.116948488538888000e+02
-7.726068850529301812e+00
6.057555497875154060e+02
3.740945662448630173e+02
3.771184120251179479e+02
-2.884673802600004251e+02
-1.824817093233183840e+01
1.509190441887171232e+02
-8.614358424385522994e+01
3.767666328887357281e+02
4.941484653373000810e+02
5.195172339474249839e+02
1.598127435569914496e+02
2.175833861499192494e+02
5.403648025723150568e+02
7.765324062479974145e+02
2.599130827961897694e+02
5.054198320469199075e+02
6.780554954350611752e+02
2.997766601867005534e+02
1.628435243408258202e+03
2.956693931990158148e+02
5.697922235032521598e+01
3.979950101389733845e+02
8.604989992709205637e+01
3.102885969296164035e+02
3.862126498951918734e+02
1.431168731657750754e+02
1.784004889784441161e+02
5.914544453353252038e+02
-4.776847261204159167e+01
6.574950300616476397e+02
2.757209081187426136e-01
6.935275821140533026e+02
-1.321374565800905430e+02
8.640557483858719934e+01
4.210692249818472987e+02
-2.751973781419290432e+01
8.311807744074274069e+02
9.747438469070340261e+02
1.565721447209473638e+02
3.639149294027298538e+02
2.388661841620169071e+02
-5.830129086530543248e+01
4.481223034054269760e+01
1.351865137686248772e+02
1.528462710050978330e+02
8.967404135111586072e+01
3.274435366249620216e+01
5.559058963864954421e+02
-2.318761441760777871e+02
5.222657955826759917e+02
1.479768417058668462e+01
1.179516835509918167e+02
3.537091518546734505e+02
1.612503673288749155e+02
1.335947077731713534e+03
5.580875924828632151e+02
4.001433826998352288e+02
2.813099230387524017e+02
4.100183066446904832e+02
2.154718392080380909e+02
8.900018945227910194e+01
-7.872099629509224883e+01
1.238421298992288229e+02
2.097649017872566333e+02
2.744256754406356436e+02
1.530279080726698453e+02
8.877572544411764284e+02
8.216764879450408898e+01
3.274909862187042791e+02
1.163690183124124218e+02
2.417741632984972000e+01
3.145309937870567865e+02
1.658911590826592715e+02
2.704779008630478643e+02
4.279633396559521543e+02
1.977717672401160769e+02
3.440588785791573514e+02
4.645050678350938966e+01
2.441079367090752612e+02
5.035834571563176496e+02
-2.818267310835601052e+02
3.074855991659793517e+02
2.040975734525079588e+02
5.215886849537091763e+01
1.925543537269291789e+02
1.216664672442743012e+01
1.977429355040527525e-02
-1.579064326327388414e+02
4.360563991339671475e+02
-2.477942872813269730e+02
9.031021385497476786e+02
2.019656346552048944e+02
-4.019075272470148548e+02
4.085115563104424155e+02
7.373974568728074246e+02
5.923819379126879312e+02
1.880779808814095304e+02
8.464142132899429072e+00
-2.365788767783370474e+02
4.803721937896438021e+02
-4.177271943834419687e+01
1.109984245182749021e+02
1.121618016789656622e+03
2.675871175192660871e+02
2.455654541606978114e+02
-3.184409952559428447e+01
4.992419944859907446e+02
9.486904242035695916e+02
2.591506471266272342e+02
7.416603786335550694e+02
6.313931451333388623e+02
-1.248744950266233786e+02
-1.690750685739504888e+02
6.327111829578835511e+01
2.323741357013324773e+02
1.584693304952895687e+02
6.469568485583727124e+01
-5.983515981471098257e+02
-1.170696303355771590e+02
2.387516881866455520e+01
5.684263830796360253e+02
9.597085242862398218e+02
-2.917633339265340737e+02
5.596160321336302559e+02
9.772906084851996411e+01
1.833823067221808856e+02
3.411819266007681790e+02
1.040509406568136228e+03
4.880036243051625888e+01
2.412367344473283879e+02
3.233463674103836638e+02
-2.992646469104720381e+02
1.611357204344049023e+02
9.973218289487299444e+02
-2.905766810829848055e+02
4.672700349780654392e+02
3.304826543905435869e+02
6.490173833091153028e+02
-3.893800068154861549e+01
3.628726752625694871e+02
-2.730366890844896943e+02
2.288061941014214824e+02
9.605086351104702089e+02
2.203867112671646851e+02
3.923080887606005831e+02
1.481770514336660653e+02
2.091657788251361580e+02
-3.016069450704039809e+02
1.029062507063084837e+02
1.759034533918603529e+02
9.122235948352727064e+01
-1.332477165510979660e+02
3.283088066517818788e+02
2.791277497232080123e+02
1.796023898555602329e+02
-3.329901732458689594e+02
3.062424973842095710e+02
5.903854303913749391e+02
8.834414520567759155e+01
6.027088005013049354e+01
4.497230404128895884e+02
4.540221994182788876e+02
-5.947481835911301573e+01
-5.730146428186179719e+01
1.687298167202220043e+02
1.983169016912602558e+02
-6.705321555772962938e+01
1.065386775612321912e+02
3.571182561311046584e+02
-1.576325840005703185e+02
6.039507129787241411e+02
1.408198411164925346e+03
2.418742883604863181e+01
1.080198428590279320e+02
-1.104283928382699003e+02
5.153771186277759853e+02
6.175790345327814066e+02
2.122461123183425684e+02
4.479012678995925398e+02
1.895659104107429584e+02
3.348007214151134576e+02
6.192085885158965084e+02
1.618946033951396828e+02
-5.481444129762621742e+01
3.221829775826954574e+02
3.424273856319691731e+02
3.032489596131497933e+02
3.025825424824656125e+02
5.982495870643404032e+02
3.773046578610870370e+02
-3.546532185051003694e+01
-5.030359287565699589e+01
4.231427136176397994e+02
1.965770509524964282e+01
8.042776925015036227e+01
5.362895217906505252e+01
3.236768799225216640e+02
5.813597657224222814e+01
5.393669665527474990e+02
4.776238238120441792e+02
2.137499137648307794e+02
9.698908230078677661e+02
-1.738103901602987946e+02
2.558209575654962578e+02
8.757582905599309697e+01
5.359969020246385298e+02
6.952837546497876247e+02
1.646489771295994160e+02
6.591404776245740322e+02
1.381885822523790353e+02
6.837567632426325872e+02
-9.091185562446899837e+01
3.420124284652002302e+02
1.732865894172717560e+02
1.227379961616694004e+02
-3.877967760660155960e+01
-4.802788812627023844e+02
3.411571409247586644e+02
7.629476183024453348e+02
8.676473986772308535e+02
8.100432291512007055e+01
3.412165507196619956e+02
-1.072240048068397726e+02
-7.935227527279421622e+01
6.499555307543571416e+02
3.103463422589608172e+02
7.499442810109206903e+02
7.209327344456044102e+02
2.343430124474417937e+02
3.092292778390476116e+01
1.269423681736112854e+02
1.090595419801667987e+01
9.135144560541941701e+02
1.755434808257060126e+02
8.874285946722592371e+02
4.979832364654504886e+02
3.894891855629156225e+02
1.782904783622857963e+02
1.538516348439975445e+02
-2.873152170887991019e+02
6.388965399073152867e+02
-4.166036924860894715e+02
2.947102556321377875e+01
3.109295637219242536e+01
1.092144669623231152e+02
3.906839212488152953e+02
2.739777686859402479e+02
-2.634746165818273198e+02
1.181952314029292438e+03
3.741007803794690290e+02
5.867408167611603176e+02
4.385171884877325397e+02
4.930556735966999327e+02
4.466432842015880169e+02
-5.595849722098532766e+02
-9.151715388609969182e+01
4.887190642562969174e+02
4.675106568919443362e+01
4.475988256068467308e+02
3.100230963042953363e+02
6.566557530958795041e+01
2.626353551660947119e+02
1.293214297776585227e+03
4.807810919353676695e+02
-1.522507618817024024e+02
3.732439610562099688e+02
2.582186374173325589e+02
1.065491686971248100e+03
5.617717609678186363e+02
1.229270397004105746e+02
1.476822210128611914e+02
3.303150642441497098e+02
4.197222769154028015e+02
2.709597228692763338e+02
-6.973262085504971708e+01
4.632380916972193745e+02
-8.917779316251821342e+01
4.060844854186807424e+02
1.541426259088981396e+02
5.611680775399933054e+02
1.701029271616938843e+01
4.501506866600275316e+02
9.882282684818591179e+01
4.923148173712164066e+02
5.460394295028621059e+01
5.283023993852698368e+02
-1.524512857119605087e+02
1.026971630969703142e+01
6.154021744513663634e+02
7.343711143207919179e+01
-3.034119911859494891e+02
1.715987250044093742e+02
9.112650992155442964e+02
1.065996761453523277e+03
2.241472472913486342e+02
-1.197144540264924615e+02
6.434562244204792023e+02
5.627981535813056553e+02
4.466931060880832547e+02
5.646099257447687592e+00
2.404348948379717967e+02
7.993185251373475921e+02
3.357953892623309002e+02
-1.118925284306205015e+02
2.088374365442538760e+02
1.635114173231783639e+02
5.228833250843257474e+02
2.331797724583751119e+02
4.286629796872466045e+02
-4.800712407425823613e+01
4.946217629938710161e+02
-7.324225487829963868e+02
7.212882966524711037e+02
3.070364049307787013e+02
3.346775386625221813e+02
-1.040508161555710274e+02
5.071339547009991122e+00
-9.277009391966362983e+00
5.096658618118164554e+02
2.805865147555520025e+02
2.930058205528495137e+02
7.574355819597918753e+02
5.473446013961240624e+02
3.012421258667907296e+02
-6.768567342683516586e+01
1.647484847970533508e+02
2.377420941832510550e+02
-5.368443558196622689e+02
-9.935621794103589366e+01
-5.896461919913597427e+01
8.638845805099971642e+01
4.194526795261239158e+02
1.628671226667783571e+02
7.376017077628230254e+02
-3.376395604945297890e+01
4.392475211218757636e+02
1.362769599094217199e+02
1.005140905938426044e+03
1.470819512418665909e+02
-2.496505297530992493e+02
4.663875979297209824e+02
-2.506715261146920568e+02
3.356144915055559608e+01
3.486657976018350951e+02
1.504061984805162240e+02
1.460390493639343106e+02
1.398562217189666512e+02
4.874195036493716771e+02
6.465923483078395293e+02
4.279450934031760312e+02
2.685395914736175200e+02
4.541006970273347179e+02
2.710463746807247389e+02
3.685123006026597636e+02
3.465506647311970028e+02
-3.813343851755200262e+02
2.094236584182376859e+01
1.056568382585911934e+02
-1.414394871401213720e+02
3.164975251553067324e+02
4.459555775748201540e+02
6.160554532493672468e+02
4.884161317621760645e+02
1.058220604714303335e+02
-8.364958286508144170e+01
-1.772666079666745134e+02
2.167396818773657401e+02
7.497332699854867997e+02
2.998961098174195783e+01
1.346355517557452117e+02
7.251187734092852111e+01
-1.907862780775320743e+02
2.794206294508462634e+02
3.584862388780932747e+02
2.875315447996891862e+02
-9.801534846729556705e+01
-3.103919543373190777e+02
6.230047768801869097e+02
-4.772841746168141697e+01
4.816047781835284809e+02
1.208969093757886100e+02
-1.744881310880548142e+01
3.987529111981159531e+02
4.117389019053437096e+02
-3.978994698716964535e+02
2.641029463394339132e+02
-1.191777378885311691e+02
7.629271211943330400e+02
2.453760874534782488e+02
1.588927135245652948e+02
1.275738760563730807e+02
8.207655838318886765e+01
9.221931588746340225e+00
5.097308489335862873e+02
3.043395826879590231e+02
-1.660785125814985008e+02
3.408199534972154083e+02
4.377209027270216097e+02
4.579601469299180962e+02
5.408220206919420434e+02
2.105758333657706203e+02
4.459386078915113103e+02
2.321013402126167762e+02
6.790646324713704018e+01
1.266883881358433825e+02
2.652187317178206740e+02
2.654101382553542408e+02
3.913090820458951953e+02
9.044909392880697396e+02
2.356781046938885140e+02
1.154937896216525587e+03
-2.203271638366326499e+02
3.020171226266884332e+02
-9.792190566766431914e+01
7.880630746841299015e+02
1.080610156231402925e+02
3.946881884400884246e+02
-2.346701933665260640e+02
1.026343434410266127e+03
-1.245929410792853815e+02
4.222214216577428374e+02
4.662897704104287868e+02
2.346784599942113800e+02
-3.306641368143560555e+01
-3.675490166588613192e+02
2.273203535937941524e+02
-9.579828416714995853e+01
3.416391572715528469e+02
4.661588706258551156e+02
6.117237815471177100e+02
3.349432625040726066e+02
2.113638555855774257e+02
6.446169302837060968e+02
5.743205943736471681e+02
2.063265976202600314e+02
3.644281437638841794e+02
2.497269572515890559e+02
-8.552714751974379226e+01
5.291659727003222997e+02
5.784499520393684406e+02
3.132222787307836143e+02
3.148373852280274718e+02
3.514076045192569495e+02
2.081174135613517251e+02
1.914310200075211696e+02
9.642084265522487385e+02
7.762377412597143689e+01
-5.259034207285095874e+01
-4.979338064146573117e+01
4.326458494006038791e+02
2.162867284248756334e+02
8.689412873497692544e+02
1.145225305083526735e+02
4.880243063607391605e+02
2.104995581036745307e+02
-2.520263297262246027e+01
1.741782028960502089e+02
2.709729803250414193e+02
4.212346812991742127e+02
9.502081614158936418e+01
1.174742527744711879e+03
-1.330773504014784976e+02
1.302454410602671942e+03
-4.057629362265701616e+02
5.960274836804774168e+01
2.570949749818828423e+02
7.126911913546970823e+01
-3.322308520257146824e+01
1.821712142062004318e+02
5.912975083297307322e+01
4.299567449241368990e+02
4.287452008128024090e+02
5.291382933565566873e+02
6.748574631363274534e+01
2.821945247453256798e+02
-3.380366246072167513e+00
1.054516961145740481e+02
5.415284180826276952e+02
4.103899820723214020e+02
1.721002625075965966e+02
4.065684345062207967e+02
7.970100130408414429e+01
1.035382659097781186e+02
1.699071880023179233e+02
-2.175589426313269428e+02
2.341477072929233714e+02
3.484047347942317856e+02
4.886092057624997551e+02
7.963242019405379324e+01
2.746378633867149119e+02
1.090610134347335133e+03
3.986025964657222289e+02
1.973127274497559256e+02
6.195982820054833837e+02
2.415833981202696634e+02
1.706744415895904581e+02
4.485183134504056568e+01
-6.656838026030018796e+01
6.378564934363490693e+02
7.504454170006380309e+02
8.283150419952420407e+02
1.902265356581830247e+02
3.687675326434113572e+02
2.424900105755558855e+02
2.876602215268623581e+02
7.088205186130973061e+02
8.602044435499042265e+02
4.929435758882684695e+02
2.011826576877751904e+01
1.027423387882459593e+02
3.932527294475958968e+01
-2.383363689877238016e+02
6.289140574657411662e+02
9.324047146228340921e+01
4.647700419755320809e+02
2.901919407181115673e+01
-4.970485434273828673e+01
4.049648599649527227e+02
6.437101173415150015e+02
1.543460548653634419e+02
3.860607138265176559e+02
5.168530814935228364e+02
2.673511791743312642e+02
-8.542215496400370967e+01
-1.806596739429551235e+02
2.853057256628830487e+02
-3.056334693832376104e+00
2.653295887075036603e+02
1.157832889341217992e+02
4.056195360561657139e+02
3.349947078925043229e+02
2.052939010788427652e+02
2.815389773753550529e+01
4.020348065187142197e+02
-9.277429159299612138e+01
6.100652982337732055e+02
5.130316257276480201e+02
7.831505345828593079e+01
4.385236489079858302e+02
4.770893694377744509e+02
1.803448976719271570e+02
4.080448064070952228e+02
4.881685350960059395e+02
-1.841514284734039393e+02
2.256109991785170337e+02
5.278782869482149636e+02
-2.906590693981162303e+02
2.766177498685860314e+02
2.414492053654670656e+01
8.391195939949235481e+02
3.664258724084245955e+02
2.328030255860794853e+02
3.080993230171606001e+02
-6.740707249199979856e+01
-6.545801765343645684e+01
-5.558117117060370305e+01
1.069065407774329515e+02
4.367910923818956235e+02
2.068802953760125263e+02
6.482325874751406900e+02
3.578031886732758835e+02
-5.706140674899131682e+00
1.788420962873082658e+02
-2.663040629328468185e+02
-2.223026675709415088e+02
1.509622710351368369e+02
5.616250138246368806e+02
7.699263759250652583e+02
3.606053476594780136e+02
5.701668802094125965e+00
1.356499109819657747e+02
3.495511684623572251e+02
1.202761262428856071e+03
2.749892795509034045e+02
-2.325936900166217356e+02
-5.595736059353787084e+01
1.224387707502341982e+02
3.688077204125698358e+02
-1.638493172381211593e+02
-4.397858445784970627e+02
3.752517660837676203e+02
5.593014742605132597e+02
3.410666676287968357e+02
-1.234339167920795006e+02
3.313668060682820737e+02
-1.635641373170581048e+01
3.677112199718735610e+02
5.807560403714352333e+02
-8.901507946689250161e+01
6.661771185747562640e+02
1.311458399381658921e+02
7.488506916595101757e+02
4.805634402857588157e+02
3.167197058710987676e+02
-1.164108637275752045e+01
4.358077747220870037e+02
9.849538748254556708e+01
5.870072598151990917e+01
-6.112406158926476110e+02
5.589867691040906266e+02
-1.672909150434584262e+02
7.467522891562661016e+02
-7.345273666977563209e+01
5.842043487091877978e+02
7.108513719197537739e+02
2.975274090117359265e+02
5.507050557995160034e+02
3.416491054413897928e+02
5.884261149936394304e+02
2.825267393439596617e+02
5.100332808987289468e+01
5.878860981084236670e+01
3.111964955691790351e+02
-3.802963689595101755e+02
2.692780553148854210e+02
2.536205348576131655e+02
7.372719840638310416e+02
1.005836400775815918e+02
3.781450151720513304e+02
-4.608463085796425673e+01
-9.662682397074240725e+01
3.988416149518313318e+02
-5.250695101962744502e+02
-2.410644308253999668e+02
3.523096259093836693e+02
1.560350518561631930e+02
-7.358426453145177959e+01
6.617512772398661127e+02
3.554791040012295866e+02
5.525145913114881751e+02
1.424816701141177191e+02
1.427536895253984312e+03
1.923085987174322042e+02
1.359805766960790379e+03
3.601458102762598514e+02
-3.040951780145802630e+01
2.543016970098542231e+02
5.027928947625456146e+01
2.291163507432649737e+00
5.469698536265200346e+02
7.835129167442719336e+02
6.200879103188977979e+02
2.909128897716230995e+02
2.026299772308072704e+02
6.683458815235270549e+02
4.002086025705904149e+02
4.896993190633906465e+02
1.018019612470253463e+02
6.117414177227062737e+02
5.470693800280406549e+02
1.307113054490079378e+02
-5.574774609336383264e+02
3.974079928541718232e+02
4.753010934152131313e+02
1.438218922626495555e+02
9.113924486640181044e+01
3.432110866218618526e+02
-1.291663459795258007e+01
3.447821707443237642e+02
-1.776841307550146780e+02
3.338875094650127267e+02
3.536370404211841674e+02
1.235526331409835734e+02
9.085163481299919397e+01
-9.778745395404122576e+01
3.681681756732938879e+02
-1.364498611970880759e+01
7.301317996891858684e+02
5.728535293530235322e+02
3.541954066009982398e+02
-1.705530528471179537e+02
2.318049174892734072e+02
4.891243860331096016e+02
-7.192943724066088862e+01
-4.647756451423749979e+01
1.024572632928871826e+03
1.117388336559100139e+02
3.315067615917099033e+02
-2.817327270910396919e+02
2.509317123824460793e+02
2.412521020353151471e+02
7.391048998720663121e+02
1.077987530801681828e+02
5.786660607445331550e+01
7.341320471505090950e+01
7.677324974514215228e+02
1.406891636329228561e+02
3.947008043127431733e+02
1.920877666615561736e+02
3.202561992558892143e+02
8.970776496188752844e+02
-1.179107135119156169e+02
4.764175204378766466e+02
7.615389004954014496e+00
4.759605870741966669e+02
-1.224852265930397834e+02
2.054337028509665970e+02
-2.701906502125627867e+02
1.240377069572161872e+02
7.175472551069195788e+02
6.670749559335383765e+02
7.105837182534571639e+02
4.624306947550557823e+01
1.435292067282198616e+02
-2.220766825601307062e+02
1.827410848082611210e+02
2.186989535977746471e+02
1.049885297434448006e+02
-2.043828532851773616e+02
5.223422716342640797e+02
3.422719591709712290e+02
1.469018299959220997e+02
4.921392934523035478e+02
4.612840611978539869e+02
3.488088303732249074e+01
4.469228744680821137e+02
5.454054012653994050e+02
4.364191576691096088e+02
5.138738162787905139e+02
2.662436742333339339e+02
1.106954277141034254e+03
-1.253372469750320874e+02
3.190139776289648808e+02
4.232158922563809256e+02
6.002142068519624445e+02
7.913980709109311817e+01
4.141825671318005675e+02
9.307802564825030913e+02
-2.245642838938742898e+02
1.050397406043719229e+03
-4.628562603570337046e+02
-4.616839322631187770e+01
4.711097322323548156e+02
-2.139629456741479885e+02
3.965839771951202124e+02
-5.212166462029352942e+02
3.601496283163745602e+02
-2.181268685593781527e+02
4.894933469752006090e+02
1.388559044366714943e+02
-3.403569306792989835e+01
4.807001743659518525e+02
5.131838124299555375e+02
2.970153068986664380e+02
2.378402559260528903e+00
1.489993591416785421e+03
2.243111690962389559e+02
9.341542893982750684e+01
9.010468673915562476e+02
-2.252456241614564476e+02
-1.896194625676272238e+01
3.709376094219719988e+01
2.835217311042951565e+02
-7.158771008379066103e+00
8.097336475390874284e+02
1.532702773428432295e+02
3.620782190172375294e+02
4.703747748017702861e+02
4.460596808203956130e+02
7.140378806921222576e+02
2.715670006198519673e+02
5.631124787820521078e+02
4.873865853301780930e+02
7.497499905354308112e+02
-1.661103422722400182e+02
4.210048507931070958e+02
1.917018921320842537e+02
6.482537328520781017e+00
1.104144536205080556e+02
5.117331471533743183e+02
6.449012495307560755e+01
1.234661763952466060e+02
1.663296822675566773e+02
1.066372787956237289e+03
8.857081137609384314e+01
3.100767681310705939e+02
4.400384350056653489e+02
4.857087323614326806e+02
5.771477117918565227e+02
5.732554597920934469e+01
3.461159746722381669e+02
2.753996760600112452e+02
5.608119072087312134e+02
1.229357168605422146e+02
5.206427260319666175e+02
3.594929043682085421e+02
8.078303420759430082e+02
-5.943318258744269400e+01
-2.575282853258096907e+02
1.176658191481493532e+02
8.589027305346099865e+02
3.082926500283854807e+02
4.386663173167822833e+02
5.018331965960367711e+02
1.304006159439787496e+02
4.592785922518971233e+02
4.418987807954802634e+02
6.205297694401537001e+01
7.777731653315873928e+02
1.774537314832665515e+02
6.317334589366828368e+02
-3.705751182905736130e+00
4.766360084257150902e+02
-1.402752831491189340e+02
3.648158264888932081e+02
1.257706667184958633e+03
7.178637045508296524e+02
7.331553851808049558e+02
1.098621870666792574e+03
3.597760753841142787e+02
1.848869137216943841e+02
2.929801708333604537e+01
3.738802559118699946e+02
-1.552223621209126350e+02
5.692654244220142346e+02
-1.824808552586756250e+01
-1.450616626984069626e+02
2.570796744837906544e+02
5.918715480873863299e+01
5.447533643665990439e+02
2.335680559027302081e+02
2.385372549665334816e+02
2.300860786391253612e+02
-1.349887378550686989e+01
1.878779821224327975e+02
4.179536045543558771e+02
5.004796927471285244e+02
1.847072412610556285e+02
1.142026824425081770e+02
6.168967020572122237e+02
5.114030270930703637e+02
4.292625337855574230e+02
-3.623582499700420101e+01
2.815868847968700379e+02
1.392690845069159025e+02
3.510669398035401514e+02
3.437956603984669073e+02
-1.369704372143372595e+01
3.308256341869122252e+02
4.568102729096817711e+02
8.333537091588084422e+02
1.218946176616874197e+02
9.762405781406210963e+02
2.725903181280145304e+02
3.967735346700374066e+02
-2.678362985617923897e+01
-6.660331675228590598e+01
-3.185233515871362897e+01
6.298236772174958560e+02
9.422906558153756862e+01
9.088288084278082124e+01
8.269262381095558112e+01
7.767188486143548971e+02
-2.271125594163017354e+02
7.336178392860284703e+01
5.078237881616813070e+02
6.406106509357097138e+02
1.604621689039397836e+02
9.463773125534963526e+00
6.791583445432268036e+02
8.883294131406737506e+02
3.315376600653182209e+02
2.931743507643882936e+02
2.955385086571666307e+02
9.922345406587101024e+01
7.138241839509339570e+02
3.518727120939423116e+02
7.839942800844837620e+02
-1.172950998591185012e+01
1.685121797174079745e+02
6.618376870562227623e+02
-7.863219736716879993e+01
-2.135839221233089091e+01
-2.483920890170746816e+02
3.260417202771924394e+02
2.468014821739492390e+02
3.307652881685459079e+02
2.675966376021023621e+02
2.157013197698418310e+02
6.616725334978546016e+02
1.355817252565007607e+02
1.732169936155477217e+02
1.091553977408742867e+03
5.365938894284765865e+02
-4.770171847444283486e+01
5.107198224628534717e+02
2.675657657659421034e+02
1.223623286805607677e+03
3.799878384963895428e+02
1.314369370016662799e+02
4.479763346479546158e+02
-2.854885665422912666e-01
5.127684456596398377e+02
3.792492982815105051e+02
9.364111669409868455e+01
-2.461494185390649250e+02
8.116785603787818673e+02
-4.504542065780240137e+02
1.394855756496411914e+02
2.573570939767565733e+02
1.177218260613625489e+02
4.597679357324188345e+02
-9.479774912890812288e+01
5.774013523724476045e+02
3.668286660272883637e+01
1.215963001136103685e+03
7.808260907831729583e+02
-2.572119020735065078e+02
4.944586669389990448e+02
1.303376370336885657e+02
6.541718126267849129e+02
5.177615617843147788e+01
3.608418197265928029e+02
-2.751509561382423286e+01
8.656980404484779683e+02
3.502748062492396741e+01
4.848949371145067033e+01
-2.507876734399019369e+02
6.180754986275630927e+02
3.412899456942869278e+02
5.310604954033003651e+02
-1.546421562000388974e+02
6.236314505289623185e+02
